Command: /nix/store/yxn8caq88x7ncmsbvqn51wk7pwqmvivc-python3-3.13.9-env/bin/python /nix/store/516xlp8n62j0jwj47gjyy6w120zi3rd8-esp-idf-v5.5.2/tools/idf_monitor.py -p /dev/ttyUSB0 -b 115200 --toolchain-prefix xtensa-esp32-elf- --target esp32 --revision 0 /home/ta1/voltage-source/build/multi_channel_voltage_source_fw.elf /home/ta1/voltage-source/build/bootloader/bootloader.elf -m '/nix/store/yxn8caq88x7ncmsbvqn51wk7pwqmvivc-python3-3.13.9-env/bin/python' '/nix/store/516xlp8n62j0jwj47gjyy6w120zi3rd8-esp-idf-v5.5.2/tools/idf.py'
ets Jul 29 2019 12:21:46

rst:0x1 (POWERON_RESET),boot:0x13 (SPI_FAST_FLASH_BOOT)
configsip: 0, SPIWP:0xee
clk_drv:0x00,q_drv:0x00,d_drv:0x00,cs0_drv:0x00,hd_drv:0x00,wp_drv:0x00
mode:DIO, clock div:2
load:0x3fff0030,len:6384
load:0x40078000,len:15916
load:0x40080400,len:3920
entry 0x40080644
[0;32mI (27) boot: ESP-IDF v5.5.2 2nd stage bootloader[0m
[0;32mI (27) boot: compile time Jan  1 1980 00:00:00[0m
[0;32mI (27) boot: Multicore bootloader[0m
[0;32mI (29) boot: chip revision: v3.1[0m
[0;32mI (32) boot.esp32: SPI Speed      : 40MHz[0m
[0;32mI (35) boot.esp32: SPI Mode       : DIO[0m
[0;32mI (39) boot.esp32: SPI Flash Size : 2MB[0m
[0;32mI (42) boot: Enabling RNG early entropy source...[0m
[0;32mI (47) boot: Partition Table:[0m
[0;32mI (49) boot: ## Label            Usage          Type ST Offset   Length[0m
[0;32mI (56) boot:  0 nvs              WiFi data        01 02 00009000 00006000[0m
[0;32mI (62) boot:  1 phy_init         RF data          01 01 0000f000 00001000[0m
[0;32mI (69) boot:  2 factory          factory app      00 00 00010000 00100000[0m
[0;32mI (75) boot: End of partition table[0m
[0;32mI (79) esp_image: segment 0: paddr=00010020 vaddr=3f400020 size=0c3f0h ( 50160) map[0m
[0;32mI (103) esp_image: segment 1: paddr=0001c418 vaddr=3ffb0000 size=0299ch ( 10652) load[0m
[0;32mI (108) esp_image: segment 2: paddr=0001edbc vaddr=40080000 size=0125ch (  4700) load[0m
[0;32mI (110) esp_image: segment 3: paddr=00020020 vaddr=400d0020 size=1ce48h (118344) map[0m
[0;32mI (155) esp_image: segment 4: paddr=0003ce70 vaddr=4008125c size=0e824h ( 59428) load[0m
[0;32mI (179) esp_image: segment 5: paddr=0004b69c vaddr=50000000 size=00020h (    32) load[0m
[0;32mI (186) boot: Loaded app from partition at offset 0x10000[0m
[0;32mI (187) boot: Disabling RNG early entropy source...[0m
[0;32mI (199) cpu_start: Multicore app[0m
[0;32mI (207) cpu_start: GPIO 3 and 1 are used as console UART I/O pins[0m
[0;32mI (207) cpu_start: Pro cpu start user code[0m
[0;32mI (207) cpu_start: cpu freq: 160000000 Hz[0m
[0;32mI (209) app_init: Application information:[0m
[0;32mI (213) app_init: Project name:     multi_channel_voltage_source_fw[0m
[0;32mI (219) app_init: App version:      990a517-dirty[0m
[0;32mI (223) app_init: Compile time:     Jan  1 1980 00:00:00[0m
[0;32mI (228) app_init: ELF file SHA256:  71d4b3858...[0m
[0;32mI (233) app_init: ESP-IDF:          v5.5.2[0m
[0;32mI (237) efuse_init: Min chip rev:     v0.0[0m
[0;32mI (240) efuse_init: Max chip rev:     v3.99 [0m
[0;32mI (244) efuse_init: Chip rev:         v3.1[0m
[0;32mI (249) heap_init: Initializing. RAM available for dynamic allocation:[0m
[0;32mI (255) heap_init: At 3FFAE6E0 len 00001920 (6 KiB): DRAM[0m
[0;32mI (260) heap_init: At 3FFB3490 len 0002CB70 (178 KiB): DRAM[0m
[0;32mI (265) heap_init: At 3FFE0440 len 00003AE0 (14 KiB): D/IRAM[0m
[0;32mI (270) heap_init: At 3FFE4350 len 0001BCB0 (111 KiB): D/IRAM[0m
[0;32mI (276) heap_init: At 4008FA80 len 00010580 (65 KiB): IRAM[0m
[0;32mI (283) spi_flash: detected chip: generic[0m
[0;32mI (285) spi_flash: flash io: dio[0m
[0;33mW (288) spi_flash: Detected size(4096k) larger than the size in the binary image header(2048k). Using the size in the binary image header.[0m
[0;32mI (301) main_task: Started on CPU0[0m
[0;32mI (311) main_task: Calling app_main()[0m
[0;32mI (311) main_task: Returned from app_main()[0m
[1;31mE (421) Channel: Could not open NVS. Using default values[0m
[1;31mE (721) Channel: Could not open NVS. Using default values[0m
[1;31mE (1031) Channel: Could not open NVS. Using default values[0m
[1;31mE (1331) Channel: Could not open NVS. Using default values[0m
[0;32mI (1631) Coordinator: startup complete[0m
data, 3, 2, 0.000, -0.01374, 1 
data, 3, 2, 0.000, -0.01374, 1 
data, 3, 2, 0.000, -0.01374, 1 
data, 3, 2, 0.000, -0.01374, 1 
data, 3, 2, 0.000, -0.01374, 1 
data, 3, 2, 0.000, -0.01374, 1 
data, 3, 2, 0.000, -0.01374, 1 
data, 3, 2, 0.000, -0.01374, 1 
data, 3, 2, 0.000, -0.01374, 1 
data, 3, 2, 0.000, -0.01374, 1 
data, 3, 2, 0.000, -0.01374, 1 
data, 3, 2, 0.000, -0.01374, 1 
data, 3, 2, 0.000, -0.01374, 1 
data, 3, 2, 0.000, -0.01374, 1 
data, 3, 2, 0.000, -0.01374, 1 
data, 3, 2, 0.000, -0.01374, 1 
data, 3, 2, 0.000, -0.01374, 1 
data, 3, 2, 0.000, -0.01374, 1 
data, 3, 2, 0.000, -0.01374, 1 
data, 3, 2, 0.000, -0.01374, 1 
data, 3, 2, 0.000, -0.01374, 1 
data, 3, 2, 0.000, -0.01374, 1 
data, 3, 2, 0.000, -0.01374, 1 
data, 3, 2, 0.000, -0.01374, 1 
data, 3, 2, 0.000, -0.01374, 1 
data, 3, 2, 0.000, -0.01374, 1 
data, 3, 2, 0.000, -0.01374, 1 
data, 3, 2, 0.000, -0.01374, 1 
data, 3, 2, 0.000, -0.01374, 1 
data, 3, 2, 0.000, -0.01374, 1 
data, 3, 2, 0.000, -0.01374, 1 
data, 3, 2, 0.000, -0.01374, 1 
data, 3, 2, 0.000, -0.01374, 1 
data, 3, 2, 0.000, -0.01374, 1 
data, 3, 2, 0.000, -0.01374, 1 
data, 3, 2, 0.000, -0.01374, 1 
data, 3, 2, 0.000, -0.01374, 1 
data, 3, 2, 0.000, -0.01374, 1 
data, 3, 2, 0.000, -0.01374, 1 
data, 3, 2, 0.000, -0.01374, 1 
data, 3, 2, 0.000, -0.01374, 1 
data, 3, 2, 0.000, -0.01374, 1 
data, 3, 2, 0.000, -0.01374, 1 
data, 3, 2, 0.000, -0.01374, 1 
data, 3, 2, 0.000, -0.01374, 1 
data, 3, 2, 0.000, -0.01374, 1 
data, 3, 2, 0.000, -0.01374, 1 
data, 3, 2, 0.000, -0.01374, 1 
data, 3, 2, 0.000, -0.01374, 1 
data, 3, 2, 0.000, -0.01374, 1 
data, 3, 2, 0.000, -0.01374, 1 
data, 3, 2, 0.000, -0.01374, 1 
data, 3, 2, 0.000, -0.01374, 1 
data, 3, 2, 0.000, -0.01374, 1 
data, 3, 2, 0.000, -0.01374, 1 
data, 3, 2, 0.000, -0.01374, 1 
data, 3, 2, 0.000, -0.01374, 1 
data, 3, 2, 0.000, -0.01374, 1 
data, 3, 2, 0.000, -0.01374, 1 
data, 3, 2, 0.000, -0.01374, 1 
data, 3, 2, 0.000, -0.01374, 1 
data, 3, 2, 0.000, -0.01374, 1 
data, 3, 2, 0.000, -0.01374, 1 
data, 3, 2, 0.000, -0.01374, 1 
data, 3, 2, 0.000, -0.01374, 1 
data, 3, 2, 0.000, -0.01374, 1 
data, 3, 2, 0.000, -0.01374, 1 
data, 3, 2, 0.000, -0.01374, 1 
data, 3, 2, 0.000, -0.01374, 1 
data, 3, 2, 0.000, -0.01374, 1 
data, 3, 2, 0.000, -0.01374, 1 
data, 3, 2, 0.000, -0.01374, 1 
data, 3, 2, 0.000, -0.01374, 1 
data, 3, 2, 0.000, -0.01374, 1 
data, 3, 2, 0.000, -0.01374, 1 
data, 3, 2, 0.000, -0.01374, 1 
data, 3, 2, 0.000, -0.01374, 1 
data, 3, 2, 0.000, -0.01374, 1 
data, 3, 2, 0.000, -0.01374, 1 
data, 3, 2, 0.000, -0.01374, 1 
data, 3, 2, 0.000, -0.01374, 1 
data, 3, 2, 0.000, -0.01374, 1 
data, 3, 2, 0.000, -0.01374, 1 
data, 3, 2, 0.000, -0.01374, 1 
data, 3, 2, 0.000, -0.01374, 1 
data, 3, 2, 0.000, -0.01374, 1 
data, 3, 2, 0.000, -0.01374, 1 
data, 3, 2, 0.000, -0.01374, 1 
data, 3, 2, 0.000, -0.01374, 1 
data, 3, 2, 0.000, -0.01374, 1 
data, 3, 2, 0.000, -0.01374, 1 
data, 3, 2, 0.000, -0.01374, 1 
data, 3, 2, 0.000, -0.01374, 1 
data, 3, 2, 0.000, -0.01374, 1 
data, 3, 2, 0.000, -0.01374, 1 
data, 3, 2, 0.000, -0.01374, 1 
data, 3, 2, 0.000, -0.01374, 1 
data, 3, 2, 0.000, -0.01374, 1 
data, 3, 2, 0.000, -0.01374, 1 
data, 3, 2, 0.000, -0.01374, 1 
data, 3, 2, 0.000, -0.01374, 1 
data, 3, 2, 0.000, -0.01374, 1 
data, 3, 2, 0.000, -0.01374, 1 
data, 3, 2, 0.000, -0.01374, 1 
data, 3, 2, 0.000, -0.01374, 1 
data, 3, 2, 0.000, -0.01374, 1 
data, 3, 2, 0.000, -0.01374, 1 
data, 3, 2, 0.000, -0.01374, 1 
data, 3, 2, 0.000, -0.01374, 1 
data, 3, 2, 0.000, -0.01374, 1 
data, 0, 2, 0.000, -19.62027, 1 
data, 0, 2, 0.000, -19.62027, 1 
data, 0, 2, 0.000, -19.62027, 1 
data, 0, 2, 0.000, -19.62027, 1 
data, 0, 2, 0.000, -19.62027, 1 
data, 0, 2, 0.000, -19.62027, 1 
data, 0, 2, 0.000, -19.62027, 1 
data, 0, 2, 0.000, -19.62027, 1 
data, 0, 2, 0.000, -19.62027, 1 
data, 0, 2, 0.000, -19.62027, 1 
data, 0, 2, 0.000, -19.62027, 1 
data, 0, 2, 0.000, -19.62027, 1 
data, 0, 2, 0.000, -19.62027, 1 
data, 0, 2, 0.000, -19.62027, 1 
data, 0, 2, 0.000, -19.62027, 1 
data, 0, 2, 0.000, -19.62027, 1 
data, 0, 2, 0.000, -19.62027, 1 
data, 0, 2, 0.000, -19.62027, 1 
data, 0, 2, 0.000, -19.62027, 1 
data, 0, 2, 0.000, -19.62027, 1 
data, 0, 2, 0.000, -19.62027, 1 
data, 0, 2, 0.000, -19.62027, 1 
data, 0, 2, 0.000, -19.62027, 1 
data, 0, 2, 0.000, -19.62027, 1 
data, 0, 2, 0.000, -19.62027, 1 
data, 0, 2, 0.000, -19.62027, 1 
data, 0, 2, 0.000, -19.62027, 1 
data, 0, 2, 0.000, -19.62027, 1 
data, 0, 2, 0.000, -19.62027, 1 
data, 0, 2, 0.000, -19.62027, 1 
data, 0, 2, 0.000, -19.62027, 1 
data, 0, 2, 0.000, -19.62027, 1 
data, 0, 2, 0.000, -19.62027, 1 
data, 0, 2, 0.000, -19.62027, 1 
data, 0, 2, 0.000, -19.61989, 1 
data, 0, 2, 0.000, -19.61989, 1 
data, 0, 2, 0.000, -19.61989, 1 
data, 0, 2, 0.000, -19.61989, 1 
data, 0, 2, 0.000, -19.61989, 1 
data, 0, 2, 0.000, -19.61989, 1 
data, 0, 2, 0.000, -19.61989, 1 
data, 0, 2, 0.000, -19.61989, 1 
data, 0, 2, 0.000, -19.61989, 1 
data, 0, 2, 0.000, -19.61989, 1 
data, 0, 2, 0.000, -19.61989, 1 
data, 0, 2, 0.000, -19.61989, 1 
data, 0, 2, 0.000, -19.61989, 1 
data, 0, 2, 0.000, -19.61989, 1 
data, 0, 2, 0.000, -19.61989, 1 
data, 0, 2, 0.000, -19.61989, 1 
data, 0, 2, 0.000, -19.61989, 1 
data, 0, 2, 0.000, -19.61989, 1 
data, 0, 2, 0.000, -19.61989, 1 
data, 0, 2, 0.000, -19.61989, 1 
data, 0, 2, 0.000, -19.61989, 1 
data, 0, 2, 0.000, -19.61989, 1 
data, 0, 2, 0.000, -19.61989, 1 
data, 0, 2, 0.000, -19.61989, 1 
data, 0, 2, 0.000, -19.61989, 1 
data, 0, 2, 0.000, -19.61989, 1 
data, 0, 2, 0.000, -19.61989, 1 
data, 0, 2, 0.000, -19.61989, 1 
data, 0, 2, 0.000, -19.61989, 1 
data, 0, 2, 0.000, -19.61989, 1 
data, 0, 2, 0.000, -19.61989, 1 
data, 0, 2, 0.000, -19.61989, 1 
data, 0, 2, 0.000, -19.61989, 1 
data, 0, 2, 0.000, -19.61975, 1 
data, 0, 2, 0.000, -19.61975, 1 
data, 0, 2, 0.000, -19.61975, 1 
data, 0, 2, 0.000, -19.61975, 1 
data, 0, 2, 0.000, -19.61975, 1 
data, 0, 2, 0.000, -19.61975, 1 
data, 0, 2, 0.000, -19.61975, 1 
data, 0, 2, 0.000, -19.61975, 1 
data, 0, 2, 0.000, -19.61975, 1 
data, 0, 2, 0.000, -19.61975, 1 
data, 0, 2, 0.000, -19.61975, 1 
data, 0, 2, 0.000, -19.61975, 1 
data, 0, 2, 0.000, -19.61975, 1 
data, 0, 2, 0.000, -19.61975, 1 
data, 0, 2, 0.000, -19.61975, 1 
data, 0, 2, 0.000, -19.61975, 1 
data, 0, 2, 0.000, -19.61975, 1 
data, 0, 2, 0.000, -19.61975, 1 
data, 0, 2, 0.000, -19.61975, 1 
data, 0, 2, 0.000, -19.61975, 1 
data, 0, 2, 0.000, -19.61975, 1 
data, 0, 2, 0.000, -19.61975, 1 
data, 0, 2, 0.000, -19.61975, 1 
data, 0, 2, 0.000, -19.61975, 1 
data, 0, 2, 0.000, -19.61975, 1 
data, 0, 2, 0.000, -19.61975, 1 
data, 0, 2, 0.000, -19.61975, 1 
data, 0, 2, 0.000, -19.61975, 1 
data, 0, 2, 0.000, -19.61975, 1 
data, 0, 2, 0.000, -19.61975, 1 
data, 0, 2, 0.000, -19.61975, 1 
data, 0, 2, 0.000, -19.61975, 1 
data, 0, 2, 0.000, -19.61975, 1 
data, 0, 2, 0.000, -19.61975, 1 
data, 0, 2, 0.000, -19.61970, 1 
data, 0, 2, 0.000, -19.61970, 1 
data, 0, 2, 0.000, -19.61970, 1 
data, 0, 2, 0.000, -19.61970, 1 
data, 0, 2, 0.000, -19.61970, 1 
data, 0, 2, 0.000, -19.61970, 1 
data, 0, 2, 0.000, -19.61970, 1 
data, 0, 2, 0.000, -19.61970, 1 
data, 0, 2, 0.000, -19.61970, 1 
data, 0, 2, 0.000, -19.61970, 1 
data, 0, 2, 0.000, -19.61970, 1 
data, 0, 2, 0.000, -19.61970, 1 
data, 0, 2, 0.000, -19.61970, 1 
data, 0, 2, 0.000, -19.61970, 1 
data, 0, 2, 0.000, -19.61970, 1 
data, 0, 2, 0.000, -19.61970, 1 
data, 0, 2, 0.000, -19.61970, 1 
data, 0, 2, 0.000, -19.61970, 2 
data, 0, 2, 0.000, -19.61970, 2 
data, 0, 2, 0.000, -19.61970, 2 
data, 0, 2, 0.000, -19.61970, 2 
data, 0, 2, 0.000, -19.61970, 2 
data, 0, 2, 0.000, -19.61970, 2 
data, 0, 2, 0.000, -19.61970, 2 
data, 0, 2, 0.000, -19.61970, 2 
data, 0, 2, 0.000, -19.61970, 2 
data, 0, 2, 0.000, -19.61970, 2 
data, 0, 2, 0.000, -19.61970, 2 
data, 0, 2, 0.000, -19.61970, 2 
data, 0, 2, 0.000, -19.61970, 2 
data, 0, 2, 0.000, -19.61970, 2 
data, 0, 2, 0.000, -19.61970, 2 
data, 0, 2, 0.000, -19.61970, 2 
data, 0, 2, 0.000, -19.61970, 2 
data, 0, 2, 0.000, -19.61978, 2 
data, 0, 2, 0.000, -19.61978, 2 
data, 0, 2, 0.000, -19.61978, 2 
data, 0, 2, 0.000, -19.61978, 2 
data, 0, 2, 0.000, -19.61978, 2 
data, 0, 2, 0.000, -19.61978, 2 
data, 0, 2, 0.000, -19.61978, 2 
data, 0, 2, 0.000, -19.61978, 2 
data, 0, 2, 0.000, -19.61978, 2 
data, 0, 2, 0.000, -19.61978, 2 
data, 0, 2, 0.000, -19.61978, 2 
data, 0, 2, 0.000, -19.61978, 2 
data, 0, 2, 0.000, -19.61978, 2 
data, 0, 2, 0.000, -19.61978, 2 
data, 0, 2, 0.000, -19.61978, 2 
data, 0, 2, 0.000, -19.61978, 2 
data, 0, 2, 0.000, -19.61978, 2 
data, 0, 2, 0.000, -19.61978, 2 
data, 0, 2, 0.000, -19.61978, 2 
data, 0, 2, 0.000, -19.61978, 2 
data, 0, 2, 0.000, -19.61978, 2 
data, 0, 2, 0.000, -19.61978, 2 
data, 0, 2, 0.000, -19.61978, 2 
data, 0, 2, 0.000, -19.61978, 2 
data, 0, 2, 0.000, -19.61978, 2 
data, 0, 2, 0.000, -19.61978, 2 
data, 0, 2, 0.000, -19.61978, 2 
data, 0, 2, 0.000, -19.61978, 2 
data, 0, 2, 0.000, -19.61978, 2 
data, 0, 2, 0.000, -19.61978, 2 
data, 0, 2, 0.000, -19.61978, 2 
data, 0, 2, 0.000, -19.61978, 2 
data, 0, 2, 0.000, -19.61978, 2 
data, 0, 2, 0.000, -19.61978, 2 
data, 0, 2, 0.000, -19.61997, 2 
data, 0, 2, 0.000, -19.61997, 2 
data, 0, 2, 0.000, -19.61997, 2 
data, 0, 2, 0.000, -19.61997, 2 
data, 0, 2, 0.000, -19.61997, 2 
data, 0, 2, 0.000, -19.61997, 2 
data, 0, 2, 0.000, -19.61997, 2 
data, 0, 2, 0.000, -19.61997, 2 
data, 0, 2, 0.000, -19.61997, 2 
data, 0, 2, 0.000, -19.61997, 2 
data, 0, 2, 0.000, -19.61997, 2 
data, 0, 2, 0.000, -19.61997, 2 
data, 0, 2, 0.000, -19.61997, 2 
data, 0, 2, 0.000, -19.61997, 2 
data, 0, 2, 0.000, -19.61997, 2 
data, 0, 2, 0.000, -19.61997, 2 
data, 0, 2, 0.000, -19.61997, 2 
data, 0, 2, 0.000, -19.61997, 2 
data, 0, 2, 0.000, -19.61997, 2 
data, 0, 2, 0.000, -19.61997, 2 
data, 0, 2, 0.000, -19.61997, 2 
data, 0, 2, 0.000, -19.61997, 2 
data, 0, 2, 0.000, -19.61997, 2 
data, 0, 2, 0.000, -19.61997, 2 
data, 0, 2, 0.000, -19.61997, 2 
data, 0, 2, 0.000, -19.61997, 2 
data, 0, 2, 0.000, -19.61997, 2 
data, 0, 2, 0.000, -19.61997, 2 
data, 0, 2, 0.000, -19.61997, 2 
data, 0, 2, 0.000, -19.61997, 2 
data, 0, 2, 0.000, -19.61997, 2 
data, 0, 2, 0.000, -19.61997, 2 
data, 0, 2, 0.000, -19.61997, 2 
data, 0, 2, 0.000, -19.61997, 2 
data, 0, 2, 0.000, -19.62015, 2 
data, 0, 2, 0.000, -19.62015, 2 
data, 0, 2, 0.000, -19.62015, 2 
data, 0, 2, 0.000, -19.62015, 2 
data, 0, 2, 0.000, -19.62015, 2 
data, 0, 2, 0.000, -19.62015, 2 
data, 0, 2, 0.000, -19.62015, 2 
data, 0, 2, 0.000, -19.62015, 2 
data, 0, 2, 0.000, -19.62015, 2 
data, 0, 2, 0.000, -19.62015, 2 
data, 0, 2, 0.000, -19.62015, 2 
data, 0, 2, 0.000, -19.62015, 2 
data, 0, 2, 0.000, -19.62015, 2 
data, 0, 2, 0.000, -19.62015, 2 
data, 0, 2, 0.000, -19.62015, 2 
data, 0, 2, 0.000, -19.62015, 2 
data, 0, 2, 0.000, -19.62015, 2 
data, 0, 2, 0.000, -19.62015, 2 
data, 0, 2, 0.000, -19.62015, 2 
data, 0, 2, 0.000, -19.62015, 2 
data, 0, 2, 0.000, -19.62015, 2 
data, 0, 2, 0.000, -19.62015, 2 
data, 0, 2, 0.000, -19.62015, 2 
data, 0, 2, 0.000, -19.62015, 2 
data, 0, 2, 0.000, -19.62015, 2 
data, 0, 2, 0.000, -19.62015, 2 
data, 0, 2, 0.000, -19.62015, 2 
data, 0, 2, 0.000, -19.62015, 2 
data, 0, 2, 0.000, -19.62015, 2 
data, 0, 2, 0.000, -19.62015, 2 
data, 0, 2, 0.000, -19.62015, 2 
data, 0, 2, 0.000, -19.62015, 2 
data, 0, 2, 0.000, -19.62015, 2 
data, 0, 2, 0.000, -19.62015, 2 
data, 0, 2, 0.000, -19.62016, 2 
data, 0, 2, 0.000, -19.62016, 2 
data, 0, 2, 0.000, -19.62016, 2 
data, 0, 2, 0.000, -19.62016, 2 
data, 0, 2, 0.000, -19.62016, 2 
data, 0, 2, 0.000, -19.62016, 2 
data, 0, 2, 0.000, -19.62016, 2 
data, 0, 2, 0.000, -19.62016, 2 
data, 0, 2, 0.000, -19.62016, 2 
data, 0, 2, 0.000, -19.62016, 2 
data, 0, 2, 0.000, -19.62016, 2 
data, 0, 2, 0.000, -19.62016, 2 
data, 0, 2, 0.000, -19.62016, 2 
data, 0, 2, 0.000, -19.62016, 2 
data, 0, 2, 0.000, -19.62016, 2 
data, 0, 2, 0.000, -19.62016, 2 
data, 0, 2, 0.000, -19.62016, 2 
data, 0, 2, 0.000, -19.62016, 2 
data, 0, 2, 0.000, -19.62016, 2 
data, 0, 2, 0.000, -19.62016, 2 
data, 0, 2, 0.000, -19.62016, 2 
data, 0, 2, 0.000, -19.62016, 2 
data, 0, 2, 0.000, -19.62016, 2 
data, 0, 2, 0.000, -19.62016, 2 
data, 0, 2, 0.000, -19.62016, 2 
data, 0, 2, 0.000, -19.62016, 2 
data, 0, 2, 0.000, -19.62016, 2 
data, 0, 2, 0.000, -19.62016, 2 
data, 0, 2, 0.000, -19.62016, 2 
data, 0, 2, 0.000, -19.62016, 2 
data, 0, 2, 0.000, -19.62016, 2 
data, 0, 2, 0.000, -19.62016, 2 
data, 0, 2, 0.000, -19.62016, 2 
data, 0, 2, 0.000, -19.62016, 2 
data, 0, 2, 0.000, -19.62016, 2 
data, 0, 2, 0.000, -19.62016, 2 
data, 0, 2, 0.000, -19.62016, 2 
data, 0, 2, 0.000, -19.62016, 2 
data, 0, 2, 0.000, -19.62016, 2 
data, 0, 2, 0.000, -19.62016, 2 
data, 0, 2, 0.000, -19.62016, 2 
data, 0, 2, 0.000, -19.62016, 2 
data, 0, 2, 0.000, -19.62016, 2 
data, 0, 2, 0.000, -19.62016, 2 
data, 0, 2, 0.000, -19.62016, 2 
data, 0, 2, 0.000, -19.62016, 2 
data, 0, 2, 0.000, -19.62016, 2 
data, 0, 2, 0.000, -19.62016, 2 
data, 0, 2, 0.000, -19.62016, 2 
data, 0, 2, 0.000, -19.62016, 2 
data, 0, 2, 0.000, -19.62016, 2 
data, 0, 2, 0.000, -19.62016, 2 
data, 0, 2, 0.000, -19.62016, 2 
data, 0, 2, 0.000, -19.62016, 2 
data, 0, 2, 0.000, -19.62016, 2 
data, 0, 2, 0.000, -19.62016, 2 
data, 0, 2, 0.000, -19.62016, 2 
data, 0, 2, 0.000, -19.62016, 2 
data, 0, 2, 0.000, -19.62016, 2 
data, 0, 2, 0.000, -19.62016, 2 
data, 0, 2, 0.000, -19.62016, 2 
data, 0, 2, 0.000, -19.62016, 2 
data, 0, 2, 0.000, -19.62016, 2 
data, 0, 2, 0.000, -19.62016, 2 
data, 0, 2, 0.000, -19.62016, 2 
data, 0, 2, 0.000, -19.62016, 2 
data, 0, 2, 0.000, -19.62016, 2 
data, 0, 2, 0.000, -19.62019, 2 
data, 0, 2, 0.000, -19.62019, 2 
data, 0, 2, 0.000, -19.62019, 2 
data, 0, 2, 0.000, -19.62019, 2 
data, 0, 2, 0.000, -19.62019, 2 
data, 0, 2, 0.000, -19.62019, 2 
data, 0, 2, 0.000, -19.62019, 2 
data, 0, 2, 0.000, -19.62019, 2 
data, 0, 2, 0.000, -19.62019, 2 
data, 0, 2, 0.000, -19.62019, 2 
data, 0, 2, 0.000, -19.62019, 2 
data, 0, 2, 0.000, -19.62019, 2 
data, 0, 2, 0.000, -19.62019, 2 
data, 0, 2, 0.000, -19.62019, 2 
data, 0, 2, 0.000, -19.62019, 2 
data, 0, 2, 0.000, -19.62019, 2 
data, 0, 2, 0.000, -19.62019, 2 
data, 0, 2, 0.000, -19.62019, 2 
data, 0, 2, 0.000, -19.62019, 2 
data, 0, 2, 0.000, -19.62019, 2 
data, 0, 2, 0.000, -19.62019, 2 
data, 0, 2, 0.000, -19.62019, 2 
data, 0, 2, 0.000, -19.62019, 2 
data, 0, 2, 0.000, -19.62019, 2 
data, 0, 2, 0.000, -19.62019, 2 
data, 0, 2, 0.000, -19.62019, 2 
data, 0, 2, 0.000, -19.62019, 2 
data, 0, 2, 0.000, -19.62019, 2 
data, 0, 2, 0.000, -19.62019, 2 
data, 0, 2, 0.000, -19.62019, 2 
data, 0, 2, 0.000, -19.62019, 2 
data, 0, 2, 0.000, -19.62019, 2 
data, 0, 2, 0.000, -19.62019, 2 
data, 0, 2, 0.000, -19.62019, 2 
data, 0, 2, 0.000, -19.62005, 2 
data, 0, 2, 0.000, -19.62005, 2 
data, 0, 2, 0.000, -19.62005, 2 
data, 0, 2, 0.000, -19.62005, 2 
data, 0, 2, 0.000, -19.62005, 2 
data, 0, 2, 0.000, -19.62005, 2 
data, 0, 2, 0.000, -19.62005, 2 
data, 0, 2, 0.000, -19.62005, 2 
data, 0, 2, 0.000, -19.62005, 2 
data, 0, 2, 0.000, -19.62005, 2 
data, 0, 2, 0.000, -19.62005, 2 
data, 0, 2, 0.000, -19.62005, 2 
data, 0, 2, 0.000, -19.62005, 2 
data, 0, 2, 0.000, -19.62005, 2 
data, 0, 2, 0.000, -19.62005, 2 
data, 0, 2, 0.000, -19.62005, 2 
data, 0, 2, 0.000, -19.62005, 2 
data, 0, 2, 0.000, -19.62005, 2 
data, 0, 2, 0.000, -19.62005, 2 
data, 0, 2, 0.000, -19.62005, 2 
data, 0, 2, 0.000, -19.62005, 2 
data, 0, 2, 0.000, -19.62005, 2 
data, 0, 2, 0.000, -19.62005, 2 
data, 0, 2, 0.000, -19.62005, 2 
data, 0, 2, 0.000, -19.62005, 2 
data, 0, 2, 0.000, -19.62005, 2 
data, 0, 2, 0.000, -19.62005, 2 
data, 0, 2, 0.000, -19.62005, 2 
data, 0, 2, 0.000, -19.62005, 2 
data, 0, 2, 0.000, -19.62005, 2 
data, 0, 2, 0.000, -19.62005, 2 
data, 0, 2, 0.000, -19.62005, 2 
data, 0, 2, 0.000, -19.62005, 2 
data, 0, 2, 0.000, -19.62005, 2 
data, 0, 2, 0.000, -19.61973, 2 
data, 0, 2, 0.000, -19.61973, 2 
data, 0, 2, 0.000, -19.61973, 2 
data, 0, 2, 0.000, -19.61973, 2 
data, 0, 2, 0.000, -19.61973, 2 
data, 0, 2, 0.000, -19.61973, 2 
data, 0, 2, 0.000, -19.61973, 2 
data, 0, 2, 0.000, -19.61973, 2 
data, 0, 2, 0.000, -19.61973, 2 
data, 0, 2, 0.000, -19.61973, 2 
data, 0, 2, 0.000, -19.61973, 2 
data, 0, 2, 0.000, -19.61973, 2 
data, 0, 2, 0.000, -19.61973, 2 
data, 0, 2, 0.000, -19.61973, 2 
data, 0, 2, 0.000, -19.61973, 2 
data, 0, 2, 0.000, -19.61973, 2 
data, 0, 2, 0.000, -19.61973, 2 
data, 0, 2, 0.000, -19.61973, 2 
data, 0, 2, 0.000, -19.61973, 2 
data, 0, 2, 0.000, -19.61973, 2 
data, 0, 2, 0.000, -19.61973, 2 
data, 0, 2, 0.000, -19.61973, 2 
data, 0, 2, 0.000, -19.61973, 2 
data, 0, 2, 0.000, -19.61973, 2 
data, 0, 2, 0.000, -19.61973, 2 
data, 0, 2, 0.000, -19.61973, 2 
data, 0, 2, 0.000, -19.61973, 2 
data, 0, 2, 0.000, -19.61973, 2 
data, 0, 2, 0.000, -19.61973, 2 
data, 0, 2, 0.000, -19.61973, 2 
data, 0, 2, 0.000, -19.61973, 2 
data, 0, 2, 0.000, -19.61973, 2 
data, 0, 2, 0.000, -19.61973, 2 
data, 0, 2, 0.000, -19.61973, 2 
data, 0, 2, 0.000, -19.61956, 2 
data, 0, 2, 0.000, -19.61956, 2 
data, 0, 2, 0.000, -19.61956, 2 
data, 0, 2, 0.000, -19.61956, 2 
data, 0, 2, 0.000, -19.61956, 2 
data, 0, 2, 0.000, -19.61956, 2 
data, 0, 2, 0.000, -19.61956, 2 
data, 0, 2, 0.000, -19.61956, 2 
data, 0, 2, 0.000, -19.61956, 2 
data, 0, 2, 0.000, -19.61956, 2 
data, 0, 2, 0.000, -19.61956, 2 
data, 0, 2, 0.000, -19.61956, 2 
data, 0, 2, 0.000, -19.61956, 2 
data, 0, 2, 0.000, -19.61956, 2 
data, 0, 2, 0.000, -19.61956, 2 
data, 0, 2, 0.000, -19.61956, 2 
data, 0, 2, 0.000, -19.61956, 2 
data, 0, 2, 0.000, -19.61956, 2 
data, 0, 2, 0.000, -19.61956, 2 
data, 0, 2, 0.000, -19.61956, 2 
data, 0, 2, 0.000, -19.61956, 2 
data, 0, 2, 0.000, -19.61956, 2 
data, 0, 2, 0.000, -19.61956, 2 
data, 0, 2, 0.000, -19.61956, 2 
data, 0, 2, 0.000, -19.61956, 2 
data, 0, 2, 0.000, -19.61956, 2 
data, 0, 2, 0.000, -19.61956, 2 
data, 0, 2, 0.000, -19.61956, 2 
data, 0, 2, 0.000, -19.61956, 2 
data, 0, 2, 0.000, -19.61956, 2 
data, 0, 2, 0.000, -19.61956, 2 
data, 0, 2, 0.000, -19.61956, 2 
data, 0, 2, 0.000, -19.61956, 2 
data, 0, 2, 0.000, -19.61956, 2 
data, 0, 2, 0.000, -19.61956, 2 
data, 0, 2, 0.000, -19.61956, 2 
data, 0, 2, 0.000, -19.61956, 2 
data, 0, 2, 0.000, -19.61956, 2 
data, 0, 2, 0.000, -19.61956, 2 
data, 0, 2, 0.000, -19.61956, 2 
data, 0, 2, 0.000, -19.61956, 2 
data, 0, 2, 0.000, -19.61956, 2 
data, 0, 2, 0.000, -19.61956, 2 
data, 0, 2, 0.000, -19.61956, 2 
data, 0, 2, 0.000, -19.61956, 2 
data, 0, 2, 0.000, -19.61956, 2 
data, 0, 2, 0.000, -19.61956, 2 
data, 0, 2, 0.000, -19.61956, 2 
data, 0, 2, 0.000, -19.61956, 2 
data, 0, 2, 0.000, -19.61956, 2 
data, 0, 2, 0.000, -19.61956, 2 
data, 0, 2, 0.000, -19.61956, 3 
data, 0, 2, 0.000, -19.61956, 3 
data, 0, 2, 0.000, -19.61956, 3 
data, 0, 2, 0.000, -19.61956, 3 
data, 0, 2, 0.000, -19.61956, 3 
data, 0, 2, 0.000, -19.61956, 3 
data, 0, 2, 0.000, -19.61956, 3 
data, 0, 2, 0.000, -19.61956, 3 
data, 0, 2, 0.000, -19.61956, 3 
data, 0, 2, 0.000, -19.61956, 3 
data, 0, 2, 0.000, -19.61956, 3 
data, 0, 2, 0.000, -19.61956, 3 
data, 0, 2, 0.000, -19.61956, 3 
data, 0, 2, 0.000, -19.61956, 3 
data, 0, 2, 0.000, -19.61956, 3 
data, 0, 2, 0.000, -19.61956, 3 
data, 0, 2, 0.000, -19.61956, 3 
data, 0, 2, 0.000, -19.61956, 3 
data, 0, 2, 0.000, -19.61956, 3 
data, 0, 2, 0.000, -19.61956, 3 
data, 0, 2, 0.000, -19.61956, 3 
data, 0, 2, 0.000, -19.61956, 3 
data, 0, 2, 0.000, -19.61956, 3 
data, 0, 2, 0.000, -19.61956, 3 
data, 0, 2, 0.000, -19.61956, 3 
data, 0, 2, 0.000, -19.61956, 3 
data, 0, 2, 0.000, -19.61956, 3 
data, 0, 2, 0.000, -19.61956, 3 
data, 0, 2, 0.000, -19.61956, 3 
data, 0, 2, 0.000, -19.61956, 3 
data, 0, 2, 0.000, -19.61956, 3 
data, 0, 2, 0.000, -19.61956, 3 
data, 0, 2, 0.000, -19.61956, 3 
data, 0, 2, 0.000, -19.61956, 3 
data, 0, 2, 0.000, -19.61956, 3 
data, 0, 2, 0.000, -19.61956, 3 
data, 0, 2, 0.000, -19.61956, 3 
data, 0, 2, 0.000, -19.61956, 3 
data, 0, 2, 0.000, -19.61956, 3 
data, 0, 2, 0.000, -19.61956, 3 
data, 0, 2, 0.000, -19.61956, 3 
data, 0, 2, 0.000, -19.61956, 3 
data, 0, 2, 0.000, -19.61956, 3 
data, 0, 2, 0.000, -19.61956, 3 
data, 0, 2, 0.000, -19.61956, 3 
data, 0, 2, 0.000, -19.61956, 3 
data, 0, 2, 0.000, -19.61956, 3 
data, 0, 2, 0.000, -19.61956, 3 
data, 0, 2, 0.000, -19.61956, 3 
data, 0, 2, 0.000, -19.61956, 3 
data, 0, 2, 0.000, -19.61976, 3 
data, 0, 2, 0.000, -19.61976, 3 
data, 0, 2, 0.000, -19.61976, 3 
data, 0, 2, 0.000, -19.61976, 3 
data, 0, 2, 0.000, -19.61976, 3 
data, 0, 2, 0.000, -19.61976, 3 
data, 0, 2, 0.000, -19.61976, 3 
data, 0, 2, 0.000, -19.61976, 3 
data, 0, 2, 0.000, -19.61976, 3 
data, 0, 2, 0.000, -19.61976, 3 
data, 0, 2, 0.000, -19.61976, 3 
data, 0, 2, 0.000, -19.61976, 3 
data, 0, 2, 0.000, -19.61976, 3 
data, 0, 2, 0.000, -19.61976, 3 
data, 0, 2, 0.000, -19.61976, 3 
data, 0, 2, 0.000, -19.61976, 3 
data, 0, 2, 0.000, -19.61976, 3 
data, 0, 2, 0.000, -19.61976, 3 
data, 0, 2, 0.000, -19.61976, 3 
data, 0, 2, 0.000, -19.61976, 3 
data, 0, 2, 0.000, -19.61976, 3 
data, 0, 2, 0.000, -19.61976, 3 
data, 0, 2, 0.000, -19.61976, 3 
data, 0, 2, 0.000, -19.61976, 3 
data, 0, 2, 0.000, -19.61976, 3 
data, 0, 2, 0.000, -19.61976, 3 
data, 0, 2, 0.000, -19.61976, 3 
data, 0, 2, 0.000, -19.61976, 3 
data, 0, 2, 0.000, -19.61976, 3 
data, 0, 2, 0.000, -19.61976, 3 
data, 0, 2, 0.000, -19.61976, 3 
data, 0, 2, 0.000, -19.61976, 3 
data, 0, 2, 0.000, -19.61976, 3 
data, 0, 2, 0.000, -19.61976, 3 
data, 0, 2, 0.000, -19.61996, 3 
data, 0, 2, 0.000, -19.61996, 3 
data, 0, 2, 0.000, -19.61996, 3 
data, 0, 2, 0.000, -19.61996, 3 
data, 0, 2, 0.000, -19.61996, 3 
data, 0, 2, 0.000, -19.61996, 3 
data, 0, 2, 0.000, -19.61996, 3 
data, 0, 2, 0.000, -19.61996, 3 
data, 0, 2, 0.000, -19.61996, 3 
data, 0, 2, 0.000, -19.61996, 3 
data, 0, 2, 0.000, -19.61996, 3 
data, 0, 2, 0.000, -19.61996, 3 
data, 0, 2, 0.000, -19.61996, 3 
data, 0, 2, 0.000, -19.61996, 3 
data, 0, 2, 0.000, -19.61996, 3 
data, 0, 2, 0.000, -19.61996, 3 
data, 0, 2, 0.000, -19.61996, 3 
data, 0, 2, 0.000, -19.61996, 3 
data, 0, 2, 0.000, -19.61996, 3 
data, 0, 2, 0.000, -19.61996, 3 
data, 0, 2, 0.000, -19.61996, 3 
data, 0, 2, 0.000, -19.61996, 3 
data, 0, 2, 0.000, -19.61996, 3 
data, 0, 2, 0.000, -19.61996, 3 
data, 0, 2, 0.000, -19.61996, 3 
data, 0, 2, 0.000, -19.61996, 3 
data, 0, 2, 0.000, -19.61996, 3 
data, 0, 2, 0.000, -19.61996, 3 
data, 0, 2, 0.000, -19.61996, 3 
data, 0, 2, 0.000, -19.61996, 3 
data, 0, 2, 0.000, -19.61996, 3 
data, 0, 2, 0.000, -19.61996, 3 
data, 0, 2, 0.000, -19.61996, 3 
data, 0, 2, 0.000, -19.61996, 3 
data, 0, 2, 0.000, -19.62008, 3 
data, 0, 2, 0.000, -19.62008, 3 
data, 0, 2, 0.000, -19.62008, 3 
data, 0, 2, 0.000, -19.62008, 3 
data, 0, 2, 0.000, -19.62008, 3 
data, 0, 2, 0.000, -19.62008, 3 
data, 0, 2, 0.000, -19.62008, 3 
data, 0, 2, 0.000, -19.62008, 3 
data, 0, 2, 0.000, -19.62008, 3 
data, 0, 2, 0.000, -19.62008, 3 
data, 0, 2, 0.000, -19.62008, 3 
data, 0, 2, 0.000, -19.62008, 3 
data, 0, 2, 0.000, -19.62008, 3 
data, 0, 2, 0.000, -19.62008, 3 
data, 0, 2, 0.000, -19.62008, 3 
data, 0, 2, 0.000, -19.62008, 3 
data, 0, 2, 0.000, -19.62008, 3 
data, 0, 2, 0.000, -19.62008, 3 
data, 0, 2, 0.000, -19.62008, 3 
data, 0, 2, 0.000, -19.62008, 3 
data, 0, 2, 0.000, -19.62008, 3 
data, 0, 2, 0.000, -19.62008, 3 
data, 0, 2, 0.000, -19.62008, 3 
data, 0, 2, 0.000, -19.62008, 3 
data, 0, 2, 0.000, -19.62008, 3 
data, 0, 2, 0.000, -19.62008, 3 
data, 0, 2, 0.000, -19.62008, 3 
data, 0, 2, 0.000, -19.62008, 3 
data, 0, 2, 0.000, -19.62008, 3 
data, 0, 2, 0.000, -19.62008, 3 
data, 0, 2, 0.000, -19.62008, 3 
data, 0, 2, 0.000, -19.62008, 3 
data, 0, 2, 0.000, -19.62008, 3 
data, 0, 2, 0.000, -19.62008, 3 
data, 0, 2, 0.000, -19.62027, 3 
data, 0, 2, 0.000, -19.62027, 3 
data, 0, 2, 0.000, -19.62027, 3 
data, 0, 2, 0.000, -19.62027, 3 
data, 0, 2, 0.000, -19.62027, 3 
data, 0, 2, 0.000, -19.62027, 3 
data, 0, 2, 0.000, -19.62027, 3 
data, 0, 2, 0.000, -19.62027, 3 
data, 0, 2, 0.000, -19.62027, 3 
data, 0, 2, 0.000, -19.62027, 3 
data, 0, 2, 0.000, -19.62027, 3 
data, 0, 2, 0.000, -19.62027, 3 
data, 0, 2, 0.000, -19.62027, 3 
data, 0, 2, 0.000, -19.62027, 3 
data, 0, 2, 0.000, -19.62027, 3 
data, 0, 2, 0.000, -19.62027, 3 
data, 0, 2, 0.000, -19.62027, 3 
data, 0, 2, 0.000, -19.62027, 3 
data, 0, 2, 0.000, -19.62027, 3 
data, 0, 2, 0.000, -19.62027, 3 
data, 0, 2, 0.000, -19.62027, 3 
data, 0, 2, 0.000, -19.62027, 3 
data, 0, 2, 0.000, -19.62027, 3 
data, 0, 2, 0.000, -19.62027, 3 
data, 0, 2, 0.000, -19.62027, 3 
data, 0, 2, 0.000, -19.62027, 3 
data, 0, 2, 0.000, -19.62027, 3 
data, 0, 2, 0.000, -19.62027, 3 
data, 0, 2, 0.000, -19.62027, 3 
data, 0, 2, 0.000, -19.62027, 3 
data, 0, 2, 0.000, -19.62027, 3 
data, 0, 2, 0.000, -19.62027, 3 
data, 0, 2, 0.000, -19.62027, 3 
data, 0, 2, 0.000, -19.62027, 3 
data, 0, 2, 0.000, -19.62048, 3 
data, 0, 2, 0.000, -19.62048, 3 
data, 0, 2, 0.000, -19.62048, 3 
data, 0, 2, 0.000, -19.62048, 3 
data, 0, 2, 0.000, -19.62048, 3 
data, 0, 2, 0.000, -19.62048, 3 
data, 0, 2, 0.000, -19.62048, 3 
data, 0, 2, 0.000, -19.62048, 3 
data, 0, 2, 0.000, -19.62048, 3 
data, 0, 2, 0.000, -19.62048, 3 
data, 0, 2, 0.000, -19.62048, 3 
data, 0, 2, 0.000, -19.62048, 3 
data, 0, 2, 0.000, -19.62048, 3 
data, 0, 2, 0.000, -19.62048, 3 
data, 0, 2, 0.000, -19.62048, 3 
data, 0, 2, 0.000, -19.62048, 3 
data, 0, 2, 0.000, -19.62048, 3 
data, 0, 2, 0.000, -19.62048, 3 
data, 0, 2, 0.000, -19.62048, 3 
data, 0, 2, 0.000, -19.62048, 3 
data, 0, 2, 0.000, -19.62048, 3 
data, 0, 2, 0.000, -19.62048, 3 
data, 0, 2, 0.000, -19.62048, 3 
data, 0, 2, 0.000, -19.62048, 3 
data, 0, 2, 0.000, -19.62048, 3 
data, 0, 2, 0.000, -19.62048, 3 
data, 0, 2, 0.000, -19.62048, 3 
data, 0, 2, 0.000, -19.62048, 3 
data, 0, 2, 0.000, -19.62048, 3 
data, 0, 2, 0.000, -19.62048, 3 
data, 0, 2, 0.000, -19.62048, 3 
data, 0, 2, 0.000, -19.62048, 3 
data, 0, 2, 0.000, -19.62048, 3 
data, 0, 2, 0.000, -19.62048, 3 
data, 0, 2, 0.000, -19.62069, 3 
data, 0, 2, 0.000, -19.62069, 3 
data, 0, 2, 0.000, -19.62069, 3 
data, 0, 2, 0.000, -19.62069, 3 
data, 0, 2, 0.000, -19.62069, 3 
data, 0, 2, 0.000, -19.62069, 3 
data, 0, 2, 0.000, -19.62069, 3 
data, 0, 2, 0.000, -19.62069, 3 
data, 0, 2, 0.000, -19.62069, 3 
data, 0, 2, 0.000, -19.62069, 3 
data, 0, 2, 0.000, -19.62069, 3 
data, 0, 2, 0.000, -19.62069, 3 
data, 0, 2, 0.000, -19.62069, 3 
data, 0, 2, 0.000, -19.62069, 3 
data, 0, 2, 0.000, -19.62069, 3 
data, 0, 2, 0.000, -19.62069, 3 
data, 0, 2, 0.000, -19.62069, 3 
data, 0, 2, 0.000, -19.62069, 3 
data, 0, 2, 0.000, -19.62069, 3 
data, 0, 2, 0.000, -19.62069, 3 
data, 0, 2, 0.000, -19.62069, 3 
data, 0, 2, 0.000, -19.62069, 3 
data, 0, 2, 0.000, -19.62069, 3 
data, 0, 2, 0.000, -19.62069, 3 
data, 0, 2, 0.000, -19.62069, 3 
data, 0, 2, 0.000, -19.62069, 3 
data, 0, 2, 0.000, -19.62069, 3 
data, 0, 2, 0.000, -19.62069, 3 
data, 0, 2, 0.000, -19.62069, 3 
data, 0, 2, 0.000, -19.62069, 3 
data, 0, 2, 0.000, -19.62069, 3 
data, 0, 2, 0.000, -19.62069, 3 
data, 0, 2, 0.000, -19.62069, 3 
data, 0, 2, 0.000, -19.62097, 3 
data, 0, 2, 0.000, -19.62097, 3 
data, 0, 2, 0.000, -19.62097, 3 
data, 0, 2, 0.000, -19.62097, 3 
data, 0, 2, 0.000, -19.62097, 3 
data, 0, 2, 0.000, -19.62097, 3 
data, 0, 2, 0.000, -19.62097, 3 
data, 0, 2, 0.000, -19.62097, 3 
data, 0, 2, 0.000, -19.62097, 3 
data, 0, 2, 0.000, -19.62097, 3 
data, 0, 2, 0.000, -19.62097, 3 
data, 0, 2, 0.000, -19.62097, 3 
data, 0, 2, 0.000, -19.62097, 3 
data, 0, 2, 0.000, -19.62097, 3 
data, 0, 2, 0.000, -19.62097, 3 
data, 0, 2, 0.000, -19.62097, 3 
data, 0, 2, 0.000, -19.62097, 3 
data, 0, 2, 0.000, -19.62097, 3 
data, 0, 2, 0.000, -19.62097, 3 
data, 0, 2, 0.000, -19.62097, 3 
data, 0, 2, 0.000, -19.62097, 3 
data, 0, 2, 0.000, -19.62097, 3 
data, 0, 2, 0.000, -19.62097, 3 
data, 0, 2, 0.000, -19.62097, 3 
data, 0, 2, 0.000, -19.62097, 3 
data, 0, 2, 0.000, -19.62097, 3 
data, 0, 2, 0.000, -19.62097, 3 
data, 0, 2, 0.000, -19.62097, 3 
data, 0, 2, 0.000, -19.62097, 3 
data, 0, 2, 0.000, -19.62097, 3 
data, 0, 2, 0.000, -19.62097, 3 
data, 0, 2, 0.000, -19.62097, 3 
data, 0, 2, 0.000, -19.62097, 3 
data, 0, 2, 0.000, -19.62097, 3 
data, 0, 2, 0.000, -19.62110, 3 
data, 0, 2, 0.000, -19.62110, 3 
data, 0, 2, 0.000, -19.62110, 3 
data, 0, 2, 0.000, -19.62110, 3 
data, 0, 2, 0.000, -19.62110, 3 
data, 0, 2, 0.000, -19.62110, 3 
data, 0, 2, 0.000, -19.62110, 3 
data, 0, 2, 0.000, -19.62110, 3 
data, 0, 2, 0.000, -19.62110, 3 
data, 0, 2, 0.000, -19.62110, 3 
data, 0, 2, 0.000, -19.62110, 3 
data, 0, 2, 0.000, -19.62110, 3 
data, 0, 2, 0.000, -19.62110, 3 
data, 0, 2, 0.000, -19.62110, 3 
data, 0, 2, 0.000, -19.62110, 3 
data, 0, 2, 0.000, -19.62110, 3 
data, 0, 2, 0.000, -19.62110, 3 
data, 0, 2, 0.000, -19.62110, 3 
data, 0, 2, 0.000, -19.62110, 3 
data, 0, 2, 0.000, -19.62110, 3 
data, 0, 2, 0.000, -19.62110, 3 
data, 0, 2, 0.000, -19.62110, 3 
data, 0, 2, 0.000, -19.62110, 3 
data, 0, 2, 0.000, -19.62110, 3 
data, 0, 2, 0.000, -19.62110, 3 
data, 0, 2, 0.000, -19.62110, 3 
data, 0, 2, 0.000, -19.62110, 3 
data, 0, 2, 0.000, -19.62110, 3 
data, 0, 2, 0.000, -19.62110, 3 
data, 0, 2, 0.000, -19.62110, 3 
data, 0, 2, 0.000, -19.62110, 3 
data, 0, 2, 0.000, -19.62110, 3 
data, 0, 2, 0.000, -19.62110, 3 
data, 0, 2, 0.000, -19.62110, 3 
data, 0, 2, 0.000, -19.62107, 3 
data, 0, 2, 0.000, -19.62107, 3 
data, 0, 2, 0.000, -19.62107, 3 
data, 0, 2, 0.000, -19.62107, 3 
data, 0, 2, 0.000, -19.62107, 3 
data, 0, 2, 0.000, -19.62107, 3 
data, 0, 2, 0.000, -19.62107, 3 
data, 0, 2, 0.000, -19.62107, 3 
data, 0, 2, 0.000, -19.62107, 3 
data, 0, 2, 0.000, -19.62107, 3 
data, 0, 2, 0.000, -19.62107, 3 
data, 0, 2, 0.000, -19.62107, 3 
data, 0, 2, 0.000, -19.62107, 3 
data, 0, 2, 0.000, -19.62107, 3 
data, 0, 2, 0.000, -19.62107, 3 
data, 0, 2, 0.000, -19.62107, 3 
data, 0, 2, 0.000, -19.62107, 3 
data, 0, 2, 0.000, -19.62107, 4 
data, 0, 2, 0.000, -19.62107, 4 
data, 0, 2, 0.000, -19.62107, 4 
data, 0, 2, 0.000, -19.62107, 4 
data, 0, 2, 0.000, -19.62107, 4 
data, 0, 2, 0.000, -19.62107, 4 
data, 0, 2, 0.000, -19.62107, 4 
data, 0, 2, 0.000, -19.62107, 4 
data, 0, 2, 0.000, -19.62107, 4 
data, 0, 2, 0.000, -19.62107, 4 
data, 0, 2, 0.000, -19.62107, 4 
data, 0, 2, 0.000, -19.62107, 4 
data, 0, 2, 0.000, -19.62107, 4 
data, 0, 2, 0.000, -19.62107, 4 
data, 0, 2, 0.000, -19.62107, 4 
data, 0, 2, 0.000, -19.62107, 4 
data, 0, 2, 0.000, -19.62107, 4 
data, 0, 2, 0.000, -19.62086, 4 
data, 0, 2, 0.000, -19.62086, 4 
data, 0, 2, 0.000, -19.62086, 4 
data, 0, 2, 0.000, -19.62086, 4 
data, 0, 2, 0.000, -19.62086, 4 
data, 0, 2, 0.000, -19.62086, 4 
data, 0, 2, 0.000, -19.62086, 4 
data, 0, 2, 0.000, -19.62086, 4 
data, 0, 2, 0.000, -19.62086, 4 
data, 0, 2, 0.000, -19.62086, 4 
data, 0, 2, 0.000, -19.62086, 4 
data, 0, 2, 0.000, -19.62086, 4 
data, 0, 2, 0.000, -19.62086, 4 
data, 0, 2, 0.000, -19.62086, 4 
data, 0, 2, 0.000, -19.62086, 4 
data, 0, 2, 0.000, -19.62086, 4 
data, 0, 2, 0.000, -19.62086, 4 
data, 0, 2, 0.000, -19.62086, 4 
data, 0, 2, 0.000, -19.62086, 4 
data, 0, 2, 0.000, -19.62086, 4 
data, 0, 2, 0.000, -19.62086, 4 
data, 0, 2, 0.000, -19.62086, 4 
data, 0, 2, 0.000, -19.62086, 4 
data, 0, 2, 0.000, -19.62086, 4 
data, 0, 2, 0.000, -19.62086, 4 
data, 0, 2, 0.000, -19.62086, 4 
data, 0, 2, 0.000, -19.62086, 4 
data, 0, 2, 0.000, -19.62086, 4 
data, 0, 2, 0.000, -19.62086, 4 
data, 0, 2, 0.000, -19.62086, 4 
data, 0, 2, 0.000, -19.62086, 4 
data, 0, 2, 0.000, -19.62086, 4 
data, 0, 2, 0.000, -19.62086, 4 
data, 0, 2, 0.000, -19.62086, 4 
data, 0, 2, 0.000, -19.62065, 4 
data, 0, 2, 0.000, -19.62065, 4 
data, 0, 2, 0.000, -19.62065, 4 
data, 0, 2, 0.000, -19.62065, 4 
data, 0, 2, 0.000, -19.62065, 4 
data, 0, 2, 0.000, -19.62065, 4 
data, 0, 2, 0.000, -19.62065, 4 
data, 0, 2, 0.000, -19.62065, 4 
data, 0, 2, 0.000, -19.62065, 4 
data, 0, 2, 0.000, -19.62065, 4 
data, 0, 2, 0.000, -19.62065, 4 
data, 0, 2, 0.000, -19.62065, 4 
data, 0, 2, 0.000, -19.62065, 4 
data, 0, 2, 0.000, -19.62065, 4 
data, 0, 2, 0.000, -19.62065, 4 
data, 0, 2, 0.000, -19.62065, 4 
data, 0, 2, 0.000, -19.62065, 4 
data, 0, 2, 0.000, -19.62065, 4 
data, 0, 2, 0.000, -19.62065, 4 
data, 0, 2, 0.000, -19.62065, 4 
data, 0, 2, 0.000, -19.62065, 4 
data, 0, 2, 0.000, -19.62065, 4 
data, 0, 2, 0.000, -19.62065, 4 
data, 0, 2, 0.000, -19.62065, 4 
data, 0, 2, 0.000, -19.62065, 4 
data, 0, 2, 0.000, -19.62065, 4 
data, 0, 2, 0.000, -19.62065, 4 
data, 0, 2, 0.000, -19.62065, 4 
data, 0, 2, 0.000, -19.62065, 4 
data, 0, 2, 0.000, -19.62065, 4 
data, 0, 2, 0.000, -19.62065, 4 
data, 0, 2, 0.000, -19.62065, 4 
data, 0, 2, 0.000, -19.62065, 4 
data, 0, 2, 0.000, -19.62065, 4 
data, 0, 2, 0.000, -19.62047, 4 
data, 0, 2, 0.000, -19.62047, 4 
data, 0, 2, 0.000, -19.62047, 4 
data, 0, 2, 0.000, -19.62047, 4 
data, 0, 2, 0.000, -19.62047, 4 
data, 0, 2, 0.000, -19.62047, 4 
data, 0, 2, 0.000, -19.62047, 4 
data, 0, 2, 0.000, -19.62047, 4 
data, 0, 2, 0.000, -19.62047, 4 
data, 0, 2, 0.000, -19.62047, 4 
data, 0, 2, 0.000, -19.62047, 4 
data, 0, 2, 0.000, -19.62047, 4 
data, 0, 2, 0.000, -19.62047, 4 
data, 0, 2, 0.000, -19.62047, 4 
data, 0, 2, 0.000, -19.62047, 4 
data, 0, 2, 0.000, -19.62047, 4 
data, 0, 2, 0.000, -19.62047, 4 
data, 0, 2, 0.000, -19.62047, 4 
data, 0, 2, 0.000, -19.62047, 4 
data, 0, 2, 0.000, -19.62047, 4 
data, 0, 2, 0.000, -19.62047, 4 
data, 0, 2, 0.000, -19.62047, 4 
data, 0, 2, 0.000, -19.62047, 4 
data, 0, 2, 0.000, -19.62047, 4 
data, 0, 2, 0.000, -19.62047, 4 
data, 0, 2, 0.000, -19.62047, 4 
data, 0, 2, 0.000, -19.62047, 4 
data, 0, 2, 0.000, -19.62047, 4 
data, 0, 2, 0.000, -19.62047, 4 
data, 0, 2, 0.000, -19.62047, 4 
data, 0, 2, 0.000, -19.62047, 4 
data, 0, 2, 0.000, -19.62047, 4 
data, 0, 2, 0.000, -19.62047, 4 
data, 0, 2, 0.000, -19.62040, 4 
data, 0, 2, 0.000, -19.62040, 4 
data, 0, 2, 0.000, -19.62040, 4 
data, 0, 2, 0.000, -19.62040, 4 
data, 0, 2, 0.000, -19.62040, 4 
data, 0, 2, 0.000, -19.62040, 4 
data, 0, 2, 0.000, -19.62040, 4 
data, 0, 2, 0.000, -19.62040, 4 
data, 0, 2, 0.000, -19.62040, 4 
data, 0, 2, 0.000, -19.62040, 4 
data, 0, 2, 0.000, -19.62040, 4 
data, 0, 2, 0.000, -19.62040, 4 
data, 0, 2, 0.000, -19.62040, 4 
data, 0, 2, 0.000, -19.62040, 4 
data, 0, 2, 0.000, -19.62040, 4 
data, 0, 2, 0.000, -19.62040, 4 
data, 0, 2, 0.000, -19.62040, 4 
data, 0, 2, 0.000, -19.62040, 4 
data, 0, 2, 0.000, -19.62040, 4 
data, 0, 2, 0.000, -19.62040, 4 
data, 0, 2, 0.000, -19.62040, 4 
data, 0, 2, 0.000, -19.62040, 4 
data, 0, 2, 0.000, -19.62040, 4 
data, 0, 2, 0.000, -19.62040, 4 
data, 0, 2, 0.000, -19.62040, 4 
data, 0, 2, 0.000, -19.62040, 4 
data, 0, 2, 0.000, -19.62040, 4 
data, 0, 2, 0.000, -19.62040, 4 
data, 0, 2, 0.000, -19.62040, 4 
data, 0, 2, 0.000, -19.62040, 4 
data, 0, 2, 0.000, -19.62040, 4 
data, 0, 2, 0.000, -19.62040, 4 
data, 0, 2, 0.000, -19.62040, 4 
data, 0, 2, 0.000, -19.62040, 4 
data, 0, 2, 0.000, -19.62029, 4 
data, 0, 2, 0.000, -19.62029, 4 
data, 0, 2, 0.000, -19.62029, 4 
data, 0, 2, 0.000, -19.62029, 4 
data, 0, 2, 0.000, -19.62029, 4 
data, 0, 2, 0.000, -19.62029, 4 
data, 0, 2, 0.000, -19.62029, 4 
data, 0, 2, 0.000, -19.62029, 4 
data, 0, 2, 0.000, -19.62029, 4 
data, 0, 2, 0.000, -19.62029, 4 
data, 0, 2, 0.000, -19.62029, 4 
data, 0, 2, 0.000, -19.62029, 4 
data, 0, 2, 0.000, -19.62029, 4 
data, 0, 2, 0.000, -19.62029, 4 
data, 0, 2, 0.000, -19.62029, 4 
data, 0, 2, 0.000, -19.62029, 4 
data, 0, 2, 0.000, -19.62029, 4 
data, 0, 2, 0.000, -19.62029, 4 
data, 0, 2, 0.000, -19.62029, 4 
data, 0, 2, 0.000, -19.62029, 4 
data, 0, 2, 0.000, -19.62029, 4 
data, 0, 2, 0.000, -19.62029, 4 
data, 0, 2, 0.000, -19.62029, 4 
data, 0, 2, 0.000, -19.62029, 4 
data, 0, 2, 0.000, -19.62029, 4 
data, 0, 2, 0.000, -19.62029, 4 
data, 0, 2, 0.000, -19.62029, 4 
data, 0, 2, 0.000, -19.62029, 4 
data, 0, 2, 0.000, -19.62029, 4 
data, 0, 2, 0.000, -19.62029, 4 
data, 0, 2, 0.000, -19.62029, 4 
data, 0, 2, 0.000, -19.62029, 4 
data, 0, 2, 0.000, -19.62029, 4 
data, 0, 2, 0.000, -19.62029, 4 
data, 0, 2, 0.000, -19.62029, 4 
data, 0, 2, 0.000, -19.62029, 4 
data, 0, 2, 0.000, -19.62029, 4 
data, 0, 2, 0.000, -19.62029, 4 
data, 0, 2, 0.000, -19.62029, 4 
data, 0, 2, 0.000, -19.62029, 4 
data, 0, 2, 0.000, -19.62029, 4 
data, 0, 2, 0.000, -19.62029, 4 
data, 0, 2, 0.000, -19.62029, 4 
data, 0, 2, 0.000, -19.62029, 4 
data, 0, 2, 0.000, -19.62029, 4 
data, 0, 2, 0.000, -19.62029, 4 
data, 0, 2, 0.000, -19.62029, 4 
data, 0, 2, 0.000, -19.62029, 4 
data, 0, 2, 0.000, -19.62029, 4 
data, 0, 2, 0.000, -19.62029, 4 
data, 0, 2, 0.000, -19.62029, 4 
data, 0, 2, 0.000, -19.62029, 4 
data, 0, 2, 0.000, -19.62029, 4 
data, 0, 2, 0.000, -19.62029, 4 
data, 0, 2, 0.000, -19.62029, 4 
data, 0, 2, 0.000, -19.62029, 4 
data, 0, 2, 0.000, -19.62029, 4 
data, 0, 2, 0.000, -19.62029, 4 
data, 0, 2, 0.000, -19.62029, 4 
data, 0, 2, 0.000, -19.62029, 4 
data, 0, 2, 0.000, -19.62029, 4 
data, 0, 2, 0.000, -19.62029, 4 
data, 0, 2, 0.000, -19.62029, 4 
data, 0, 2, 0.000, -19.62029, 4 
data, 0, 2, 0.000, -19.62029, 4 
data, 0, 2, 0.000, -19.62029, 4 
data, 0, 2, 0.000, -19.62029, 4 
data, 0, 2, 0.000, -19.62029, 4 
data, 0, 2, 0.000, -19.61999, 4 
data, 0, 2, 0.000, -19.61999, 4 
data, 0, 2, 0.000, -19.61999, 4 
data, 0, 2, 0.000, -19.61999, 4 
data, 0, 2, 0.000, -19.61999, 4 
data, 0, 2, 0.000, -19.61999, 4 
data, 0, 2, 0.000, -19.61999, 4 
data, 0, 2, 0.000, -19.61999, 4 
data, 0, 2, 0.000, -19.61999, 4 
data, 0, 2, 0.000, -19.61999, 4 
data, 0, 2, 0.000, -19.61999, 4 
data, 0, 2, 0.000, -19.61999, 4 
data, 0, 2, 0.000, -19.61999, 4 
data, 0, 2, 0.000, -19.61999, 4 
data, 0, 2, 0.000, -19.61999, 4 
data, 0, 2, 0.000, -19.61999, 4 
data, 0, 2, 0.000, -19.61999, 4 
data, 0, 2, 0.000, -19.61999, 4 
data, 0, 2, 0.000, -19.61999, 4 
data, 0, 2, 0.000, -19.61999, 4 
data, 0, 2, 0.000, -19.61999, 4 
data, 0, 2, 0.000, -19.61999, 4 
data, 0, 2, 0.000, -19.61999, 4 
data, 0, 2, 0.000, -19.61999, 4 
data, 0, 2, 0.000, -19.61999, 4 
data, 0, 2, 0.000, -19.61999, 4 
data, 0, 2, 0.000, -19.61999, 4 
data, 0, 2, 0.000, -19.61999, 4 
data, 0, 2, 0.000, -19.61999, 4 
data, 0, 2, 0.000, -19.61999, 4 
data, 0, 2, 0.000, -19.61999, 4 
data, 0, 2, 0.000, -19.61999, 4 
data, 0, 2, 0.000, -19.61999, 4 
data, 0, 2, 0.000, -19.61999, 4 
data, 0, 2, 0.000, -19.62009, 4 
data, 0, 2, 0.000, -19.62009, 4 
data, 0, 2, 0.000, -19.62009, 4 
data, 0, 2, 0.000, -19.62009, 4 
data, 0, 2, 0.000, -19.62009, 4 
data, 0, 2, 0.000, -19.62009, 4 
data, 0, 2, 0.000, -19.62009, 4 
data, 0, 2, 0.000, -19.62009, 4 
data, 0, 2, 0.000, -19.62009, 4 
data, 0, 2, 0.000, -19.62009, 4 
data, 0, 2, 0.000, -19.62009, 4 
data, 0, 2, 0.000, -19.62009, 4 
data, 0, 2, 0.000, -19.62009, 4 
data, 0, 2, 0.000, -19.62009, 4 
data, 0, 2, 0.000, -19.62009, 4 
data, 0, 2, 0.000, -19.62009, 4 
data, 0, 2, 0.000, -19.62009, 4 
data, 0, 2, 0.000, -19.62009, 4 
data, 0, 2, 0.000, -19.62009, 4 
data, 0, 2, 0.000, -19.62009, 4 
data, 0, 2, 0.000, -19.62009, 4 
data, 0, 2, 0.000, -19.62009, 4 
data, 0, 2, 0.000, -19.62009, 4 
data, 0, 2, 0.000, -19.62009, 4 
data, 0, 2, 0.000, -19.62009, 4 
data, 0, 2, 0.000, -19.62009, 4 
data, 0, 2, 0.000, -19.62009, 4 
data, 0, 2, 0.000, -19.62009, 4 
data, 0, 2, 0.000, -19.62009, 4 
data, 0, 2, 0.000, -19.62009, 4 
data, 0, 2, 0.000, -19.62009, 4 
data, 0, 2, 0.000, -19.62009, 4 
data, 0, 2, 0.000, -19.62009, 4 
data, 0, 2, 0.000, -19.62009, 4 
data, 0, 2, 0.000, -19.62018, 4 
data, 0, 2, 0.000, -19.62018, 4 
data, 0, 2, 0.000, -19.62018, 4 
data, 0, 2, 0.000, -19.62018, 4 
data, 0, 2, 0.000, -19.62018, 4 
data, 0, 2, 0.000, -19.62018, 4 
data, 0, 2, 0.000, -19.62018, 4 
data, 0, 2, 0.000, -19.62018, 4 
data, 0, 2, 0.000, -19.62018, 4 
data, 0, 2, 0.000, -19.62018, 4 
data, 0, 2, 0.000, -19.62018, 4 
data, 0, 2, 0.000, -19.62018, 4 
data, 0, 2, 0.000, -19.62018, 4 
data, 0, 2, 0.000, -19.62018, 4 
data, 0, 2, 0.000, -19.62018, 4 
data, 0, 2, 0.000, -19.62018, 4 
data, 0, 2, 0.000, -19.62018, 4 
data, 0, 2, 0.000, -19.62018, 4 
data, 0, 2, 0.000, -19.62018, 4 
data, 0, 2, 0.000, -19.62018, 4 
data, 0, 2, 0.000, -19.62018, 4 
data, 0, 2, 0.000, -19.62018, 4 
data, 0, 2, 0.000, -19.62018, 4 
data, 0, 2, 0.000, -19.62018, 4 
data, 0, 2, 0.000, -19.62018, 4 
data, 0, 2, 0.000, -19.62018, 4 
data, 0, 2, 0.000, -19.62018, 4 
data, 0, 2, 0.000, -19.62018, 4 
data, 0, 2, 0.000, -19.62018, 4 
data, 0, 2, 0.000, -19.62018, 4 
data, 0, 2, 0.000, -19.62018, 4 
data, 0, 2, 0.000, -19.62018, 4 
data, 0, 2, 0.000, -19.62018, 4 
data, 0, 2, 0.000, -19.62026, 4 
data, 0, 2, 0.000, -19.62026, 4 
data, 0, 2, 0.000, -19.62026, 4 
data, 0, 2, 0.000, -19.62026, 4 
data, 0, 2, 0.000, -19.62026, 4 
data, 0, 2, 0.000, -19.62026, 4 
data, 0, 2, 0.000, -19.62026, 4 
data, 0, 2, 0.000, -19.62026, 4 
data, 0, 2, 0.000, -19.62026, 4 
data, 0, 2, 0.000, -19.62026, 4 
data, 0, 2, 0.000, -19.62026, 4 
data, 0, 2, 0.000, -19.62026, 4 
data, 0, 2, 0.000, -19.62026, 4 
data, 0, 2, 0.000, -19.62026, 4 
data, 0, 2, 0.000, -19.62026, 4 
data, 0, 2, 0.000, -19.62026, 4 
data, 0, 2, 0.000, -19.62026, 4 
data, 0, 2, 0.000, -19.62026, 4 
data, 0, 2, 0.000, -19.62026, 5 
data, 0, 2, 0.000, -19.62026, 5 
data, 0, 2, 0.000, -19.62026, 5 
data, 0, 2, 0.000, -19.62026, 5 
data, 0, 2, 0.000, -19.62026, 5 
data, 0, 2, 0.000, -19.62026, 5 
data, 0, 2, 0.000, -19.62026, 5 
data, 0, 2, 0.000, -19.62026, 5 
data, 0, 2, 0.000, -19.62026, 5 
data, 0, 2, 0.000, -19.62026, 5 
data, 0, 2, 0.000, -19.62026, 5 
data, 0, 2, 0.000, -19.62026, 5 
data, 0, 2, 0.000, -19.62026, 5 
data, 0, 2, 0.000, -19.62026, 5 
data, 0, 2, 0.000, -19.62026, 5 
data, 0, 2, 0.000, -19.62026, 5 
data, 0, 2, 0.000, -19.62026, 5 
data, 0, 2, 0.000, -19.62026, 5 
data, 0, 2, 0.000, -19.62026, 5 
data, 0, 2, 0.000, -19.62026, 5 
data, 0, 2, 0.000, -19.62026, 5 
data, 0, 2, 0.000, -19.62026, 5 
data, 0, 2, 0.000, -19.62026, 5 
data, 0, 2, 0.000, -19.62026, 5 
data, 0, 2, 0.000, -19.62026, 5 
data, 0, 2, 0.000, -19.62026, 5 
data, 0, 2, 0.000, -19.62026, 5 
data, 0, 2, 0.000, -19.62026, 5 
data, 0, 2, 0.000, -19.62026, 5 
data, 0, 2, 0.000, -19.62026, 5 
data, 0, 2, 0.000, -19.62026, 5 
data, 0, 2, 0.000, -19.62026, 5 
data, 0, 2, 0.000, -19.62026, 5 
data, 0, 2, 0.000, -19.62026, 5 
data, 0, 2, 0.000, -19.62026, 5 
data, 0, 2, 0.000, -19.62026, 5 
data, 0, 2, 0.000, -19.62026, 5 
data, 0, 2, 0.000, -19.62026, 5 
data, 0, 2, 0.000, -19.62026, 5 
data, 0, 2, 0.000, -19.62026, 5 
data, 0, 2, 0.000, -19.62026, 5 
data, 0, 2, 0.000, -19.62026, 5 
data, 0, 2, 0.000, -19.62026, 5 
data, 0, 2, 0.000, -19.62026, 5 
data, 0, 2, 0.000, -19.62026, 5 
data, 0, 2, 0.000, -19.62026, 5 
data, 0, 2, 0.000, -19.62026, 5 
data, 0, 2, 0.000, -19.62026, 5 
data, 0, 2, 0.000, -19.62026, 5 
data, 0, 2, 0.000, -19.62026, 5 
data, 0, 2, 0.000, -19.62050, 5 
data, 0, 2, 0.000, -19.62050, 5 
data, 0, 2, 0.000, -19.62050, 5 
data, 0, 2, 0.000, -19.62050, 5 
data, 0, 2, 0.000, -19.62050, 5 
data, 0, 2, 0.000, -19.62050, 5 
data, 0, 2, 0.000, -19.62050, 5 
data, 0, 2, 0.000, -19.62050, 5 
data, 0, 2, 0.000, -19.62050, 5 
data, 0, 2, 0.000, -19.62050, 5 
data, 0, 2, 0.000, -19.62050, 5 
data, 0, 2, 0.000, -19.62050, 5 
data, 0, 2, 0.000, -19.62050, 5 
data, 0, 2, 0.000, -19.62050, 5 
data, 0, 2, 0.000, -19.62050, 5 
data, 0, 2, 0.000, -19.62050, 5 
data, 0, 2, 0.000, -19.62050, 5 
data, 0, 2, 0.000, -19.62050, 5 
data, 0, 2, 0.000, -19.62050, 5 
data, 0, 2, 0.000, -19.62050, 5 
data, 0, 2, 0.000, -19.62050, 5 
data, 0, 2, 0.000, -19.62050, 5 
data, 0, 2, 0.000, -19.62050, 5 
data, 0, 2, 0.000, -19.62050, 5 
data, 0, 2, 0.000, -19.62050, 5 
data, 0, 2, 0.000, -19.62050, 5 
data, 0, 2, 0.000, -19.62050, 5 
data, 0, 2, 0.000, -19.62050, 5 
data, 0, 2, 0.000, -19.62050, 5 
data, 0, 2, 0.000, -19.62050, 5 
data, 0, 2, 0.000, -19.62050, 5 
data, 0, 2, 0.000, -19.62050, 5 
data, 0, 2, 0.000, -19.62050, 5 
data, 0, 2, 0.000, -19.62050, 5 
data, 0, 2, 0.000, -19.62058, 5 
data, 0, 2, 0.000, -19.62058, 5 
data, 0, 2, 0.000, -19.62058, 5 
data, 0, 2, 0.000, -19.62058, 5 
data, 0, 2, 0.000, -19.62058, 5 
data, 0, 2, 0.000, -19.62058, 5 
data, 0, 2, 0.000, -19.62058, 5 
data, 0, 2, 0.000, -19.62058, 5 
data, 0, 2, 0.000, -19.62058, 5 
data, 0, 2, 0.000, -19.62058, 5 
data, 0, 2, 0.000, -19.62058, 5 
data, 0, 2, 0.000, -19.62058, 5 
data, 0, 2, 0.000, -19.62058, 5 
data, 0, 2, 0.000, -19.62058, 5 
data, 0, 2, 0.000, -19.62058, 5 
data, 0, 2, 0.000, -19.62058, 5 
data, 0, 2, 0.000, -19.62058, 5 
data, 0, 2, 0.000, -19.62058, 5 
data, 0, 2, 0.000, -19.62058, 5 
data, 0, 2, 0.000, -19.62058, 5 
data, 0, 2, 0.000, -19.62058, 5 
data, 0, 2, 0.000, -19.62058, 5 
data, 0, 2, 0.000, -19.62058, 5 
data, 0, 2, 0.000, -19.62058, 5 
data, 0, 2, 0.000, -19.62058, 5 
data, 0, 2, 0.000, -19.62058, 5 
data, 0, 2, 0.000, -19.62058, 5 
data, 0, 2, 0.000, -19.62058, 5 
data, 0, 2, 0.000, -19.62058, 5 
data, 0, 2, 0.000, -19.62058, 5 
data, 0, 2, 0.000, -19.62058, 5 
data, 0, 2, 0.000, -19.62058, 5 
data, 0, 2, 0.000, -19.62058, 5 
data, 0, 2, 0.000, -19.62058, 5 
data, 0, 2, 0.000, -19.62052, 5 
data, 0, 2, 0.000, -19.62052, 5 
data, 0, 2, 0.000, -19.62052, 5 
data, 0, 2, 0.000, -19.62052, 5 
data, 0, 2, 0.000, -19.62052, 5 
data, 0, 2, 0.000, -19.62052, 5 
data, 0, 2, 0.000, -19.62052, 5 
data, 0, 2, 0.000, -19.62052, 5 
data, 0, 2, 0.000, -19.62052, 5 
data, 0, 2, 0.000, -19.62052, 5 
data, 0, 2, 0.000, -19.62052, 5 
data, 0, 2, 0.000, -19.62052, 5 
data, 0, 2, 0.000, -19.62052, 5 
data, 0, 2, 0.000, -19.62052, 5 
data, 0, 2, 0.000, -19.62052, 5 
data, 0, 2, 0.000, -19.62052, 5 
data, 0, 2, 0.000, -19.62052, 5 
data, 0, 2, 0.000, -19.62052, 5 
data, 0, 2, 0.000, -19.62052, 5 
data, 0, 2, 0.000, -19.62052, 5 
data, 0, 2, 0.000, -19.62052, 5 
data, 0, 2, 0.000, -19.62052, 5 
data, 0, 2, 0.000, -19.62052, 5 
data, 0, 2, 0.000, -19.62052, 5 
data, 0, 2, 0.000, -19.62052, 5 
data, 0, 2, 0.000, -19.62052, 5 
data, 0, 2, 0.000, -19.62052, 5 
data, 0, 2, 0.000, -19.62052, 5 
data, 0, 2, 0.000, -19.62052, 5 
data, 0, 2, 0.000, -19.62052, 5 
data, 0, 2, 0.000, -19.62052, 5 
data, 0, 2, 0.000, -19.62052, 5 
data, 0, 2, 0.000, -19.62052, 5 
data, 0, 2, 0.000, -19.62052, 5 
data, 0, 2, 0.000, -19.62039, 5 
data, 0, 2, 0.000, -19.62039, 5 
data, 0, 2, 0.000, -19.62039, 5 
data, 0, 2, 0.000, -19.62039, 5 
data, 0, 2, 0.000, -19.62039, 5 
data, 0, 2, 0.000, -19.62039, 5 
data, 0, 2, 0.000, -19.62039, 5 
data, 0, 2, 0.000, -19.62039, 5 
data, 0, 2, 0.000, -19.62039, 5 
data, 0, 2, 0.000, -19.62039, 5 
data, 0, 2, 0.000, -19.62039, 5 
data, 0, 2, 0.000, -19.62039, 5 
data, 0, 2, 0.000, -19.62039, 5 
data, 0, 2, 0.000, -19.62039, 5 
data, 0, 2, 0.000, -19.62039, 5 
data, 0, 2, 0.000, -19.62039, 5 
data, 0, 2, 0.000, -19.62039, 5 
data, 0, 2, 0.000, -19.62039, 5 
data, 0, 2, 0.000, -19.62039, 5 
data, 0, 2, 0.000, -19.62039, 5 
data, 0, 2, 0.000, -19.62039, 5 
data, 0, 2, 0.000, -19.62039, 5 
data, 0, 2, 0.000, -19.62039, 5 
data, 0, 2, 0.000, -19.62039, 5 
data, 0, 2, 0.000, -19.62039, 5 
data, 0, 2, 0.000, -19.62039, 5 
data, 0, 2, 0.000, -19.62039, 5 
data, 0, 2, 0.000, -19.62039, 5 
data, 0, 2, 0.000, -19.62039, 5 
data, 0, 2, 0.000, -19.62039, 5 
data, 0, 2, 0.000, -19.62039, 5 
data, 0, 2, 0.000, -19.62039, 5 
data, 0, 2, 0.000, -19.62039, 5 
data, 0, 2, 0.000, -19.62028, 5 
data, 0, 2, 0.000, -19.62028, 5 
data, 0, 2, 0.000, -19.62028, 5 
data, 0, 2, 0.000, -19.62028, 5 
data, 0, 2, 0.000, -19.62028, 5 
data, 0, 2, 0.000, -19.62028, 5 
data, 0, 2, 0.000, -19.62028, 5 
data, 0, 2, 0.000, -19.62028, 5 
data, 0, 2, 0.000, -19.62028, 5 
data, 0, 2, 0.000, -19.62028, 5 
data, 0, 2, 0.000, -19.62028, 5 
data, 0, 2, 0.000, -19.62028, 5 
data, 0, 2, 0.000, -19.62028, 5 
data, 0, 2, 0.000, -19.62028, 5 
data, 0, 2, 0.000, -19.62028, 5 
data, 0, 2, 0.000, -19.62028, 5 
data, 0, 2, 0.000, -19.62028, 5 
data, 0, 2, 0.000, -19.62028, 5 
data, 0, 2, 0.000, -19.62028, 5 
data, 0, 2, 0.000, -19.62028, 5 
data, 0, 2, 0.000, -19.62028, 5 
data, 0, 2, 0.000, -19.62028, 5 
data, 0, 2, 0.000, -19.62028, 5 
data, 0, 2, 0.000, -19.62028, 5 
data, 0, 2, 0.000, -19.62028, 5 
data, 0, 2, 0.000, -19.62028, 5 
data, 0, 2, 0.000, -19.62028, 5 
data, 0, 2, 0.000, -19.62028, 5 
data, 0, 2, 0.000, -19.62028, 5 
data, 0, 2, 0.000, -19.62028, 5 
data, 0, 2, 0.000, -19.62028, 5 
data, 0, 2, 0.000, -19.62028, 5 
data, 0, 2, 0.000, -19.62028, 5 
data, 0, 2, 0.000, -19.62028, 5 
data, 0, 2, 0.000, -19.62016, 5 
data, 0, 2, 0.000, -19.62016, 5 
data, 0, 2, 0.000, -19.62016, 5 
data, 0, 2, 0.000, -19.62016, 5 
data, 0, 2, 0.000, -19.62016, 5 
data, 0, 2, 0.000, -19.62016, 5 
data, 0, 2, 0.000, -19.62016, 5 
data, 0, 2, 0.000, -19.62016, 5 
data, 0, 2, 0.000, -19.62016, 5 
data, 0, 2, 0.000, -19.62016, 5 
data, 0, 2, 0.000, -19.62016, 5 
data, 0, 2, 0.000, -19.62016, 5 
data, 0, 2, 0.000, -19.62016, 5 
data, 0, 2, 0.000, -19.62016, 5 
data, 0, 2, 0.000, -19.62016, 5 
data, 0, 2, 0.000, -19.62016, 5 
data, 0, 2, 0.000, -19.62016, 5 
data, 0, 2, 0.000, -19.62016, 5 
data, 0, 2, 0.000, -19.62016, 5 
data, 0, 2, 0.000, -19.62016, 5 
data, 0, 2, 0.000, -19.62016, 5 
data, 0, 2, 0.000, -19.62016, 5 
data, 0, 2, 0.000, -19.62016, 5 
data, 0, 2, 0.000, -19.62016, 5 
data, 0, 2, 0.000, -19.62016, 5 
data, 0, 2, 0.000, -19.62016, 5 
data, 0, 2, 0.000, -19.62016, 5 
data, 0, 2, 0.000, -19.62016, 5 
data, 0, 2, 0.000, -19.62016, 5 
data, 0, 2, 0.000, -19.62016, 5 
data, 0, 2, 0.000, -19.62016, 5 
data, 0, 2, 0.000, -19.62016, 5 
data, 0, 2, 0.000, -19.62016, 5 
data, 0, 2, 0.000, -19.62016, 5 
data, 0, 2, 0.000, -19.62015, 5 
data, 0, 2, 0.000, -19.62015, 5 
data, 0, 2, 0.000, -19.62015, 5 
data, 0, 2, 0.000, -19.62015, 5 
data, 0, 2, 0.000, -19.62015, 5 
data, 0, 2, 0.000, -19.62015, 5 
data, 0, 2, 0.000, -19.62015, 5 
data, 0, 2, 0.000, -19.62015, 5 
data, 0, 2, 0.000, -19.62015, 5 
data, 0, 2, 0.000, -19.62015, 5 
data, 0, 2, 0.000, -19.62015, 5 
data, 0, 2, 0.000, -19.62015, 5 
data, 0, 2, 0.000, -19.62015, 5 
data, 0, 2, 0.000, -19.62015, 5 
data, 0, 2, 0.000, -19.62015, 5 
data, 0, 2, 0.000, -19.62015, 5 
data, 0, 2, 0.000, -19.62015, 5 
data, 0, 2, 0.000, -19.62015, 5 
data, 0, 2, 0.000, -19.62015, 5 
data, 0, 2, 0.000, -19.62015, 5 
data, 0, 2, 0.000, -19.62015, 5 
data, 0, 2, 0.000, -19.62015, 5 
data, 0, 2, 0.000, -19.62015, 5 
data, 0, 2, 0.000, -19.62015, 5 
data, 0, 2, 0.000, -19.62015, 5 
data, 0, 2, 0.000, -19.62015, 5 
data, 0, 2, 0.000, -19.62015, 5 
data, 0, 2, 0.000, -19.62015, 5 
data, 0, 2, 0.000, -19.62015, 5 
data, 0, 2, 0.000, -19.62015, 5 
data, 0, 2, 0.000, -19.62015, 5 
data, 0, 2, 0.000, -19.62015, 5 
data, 0, 2, 0.000, -19.62015, 5 
data, 0, 2, 0.000, -19.62015, 5 
data, 0, 2, 0.000, -19.62003, 5 
data, 0, 2, 0.000, -19.62003, 5 
data, 0, 2, 0.000, -19.62003, 5 
data, 0, 2, 0.000, -19.62003, 5 
data, 0, 2, 0.000, -19.62003, 5 
data, 0, 2, 0.000, -19.62003, 5 
data, 0, 2, 0.000, -19.62003, 5 
data, 0, 2, 0.000, -19.62003, 5 
data, 0, 2, 0.000, -19.62003, 5 
data, 0, 2, 0.000, -19.62003, 5 
data, 0, 2, 0.000, -19.62003, 5 
data, 0, 2, 0.000, -19.62003, 5 
data, 0, 2, 0.000, -19.62003, 5 
data, 0, 2, 0.000, -19.62003, 5 
data, 0, 2, 0.000, -19.62003, 5 
data, 0, 2, 0.000, -19.62003, 5 
data, 0, 2, 0.000, -19.62003, 5 
data, 0, 2, 0.000, -19.62003, 5 
data, 0, 2, 0.000, -19.62003, 5 
data, 0, 2, 0.000, -19.62003, 5 
data, 0, 2, 0.000, -19.62003, 5 
data, 0, 2, 0.000, -19.62003, 5 
data, 0, 2, 0.000, -19.62003, 5 
data, 0, 2, 0.000, -19.62003, 5 
data, 0, 2, 0.000, -19.62003, 5 
data, 0, 2, 0.000, -19.62003, 5 
data, 0, 2, 0.000, -19.62003, 5 
data, 0, 2, 0.000, -19.62003, 5 
data, 0, 2, 0.000, -19.62003, 5 
data, 0, 2, 0.000, -19.62003, 5 
data, 0, 2, 0.000, -19.62003, 5 
data, 0, 2, 0.000, -19.62003, 5 
data, 0, 2, 0.000, -19.62003, 5 
data, 0, 2, 0.000, -19.62003, 5 
data, 0, 2, 0.000, -19.61998, 5 
data, 0, 2, 0.000, -19.61998, 5 
data, 0, 2, 0.000, -19.61998, 5 
data, 0, 2, 0.000, -19.61998, 5 
data, 0, 2, 0.000, -19.61998, 5 
data, 0, 2, 0.000, -19.61998, 5 
data, 0, 2, 0.000, -19.61998, 5 
data, 0, 2, 0.000, -19.61998, 5 
data, 0, 2, 0.000, -19.61998, 5 
data, 0, 2, 0.000, -19.61998, 5 
data, 0, 2, 0.000, -19.61998, 5 
data, 0, 2, 0.000, -19.61998, 5 
data, 0, 2, 0.000, -19.61998, 5 
data, 0, 2, 0.000, -19.61998, 5 
data, 0, 2, 0.000, -19.61998, 5 
data, 0, 2, 0.000, -19.61998, 5 
data, 0, 2, 0.000, -19.61998, 5 
data, 0, 2, 0.000, -19.61998, 5 
data, 0, 2, 0.000, -19.61998, 6 
data, 0, 2, 0.000, -19.61998, 6 
data, 0, 2, 0.000, -19.61998, 6 
data, 0, 2, 0.000, -19.61998, 6 
data, 0, 2, 0.000, -19.61998, 6 
data, 0, 2, 0.000, -19.61998, 6 
data, 0, 2, 0.000, -19.61998, 6 
data, 0, 2, 0.000, -19.61998, 6 
data, 0, 2, 0.000, -19.61998, 6 
data, 0, 2, 0.000, -19.61998, 6 
data, 0, 2, 0.000, -19.61998, 6 
data, 0, 2, 0.000, -19.61998, 6 
data, 0, 2, 0.000, -19.61998, 6 
data, 0, 2, 0.000, -19.61998, 6 
data, 0, 2, 0.000, -19.61998, 6 
data, 0, 2, 0.000, -19.61998, 6 
data, 0, 2, 0.000, -19.61991, 6 
data, 0, 2, 0.000, -19.61991, 6 
data, 0, 2, 0.000, -19.61991, 6 
data, 0, 2, 0.000, -19.61991, 6 
data, 0, 2, 0.000, -19.61991, 6 
data, 0, 2, 0.000, -19.61991, 6 
data, 0, 2, 0.000, -19.61991, 6 
data, 0, 2, 0.000, -19.61991, 6 
data, 0, 2, 0.000, -19.61991, 6 
data, 0, 2, 0.000, -19.61991, 6 
data, 0, 2, 0.000, -19.61991, 6 
data, 0, 2, 0.000, -19.61991, 6 
data, 0, 2, 0.000, -19.61991, 6 
data, 0, 2, 0.000, -19.61991, 6 
data, 0, 2, 0.000, -19.61991, 6 
data, 0, 2, 0.000, -19.61991, 6 
data, 0, 2, 0.000, -19.61991, 6 
data, 0, 2, 0.000, -19.61991, 6 
data, 0, 2, 0.000, -19.61991, 6 
data, 0, 2, 0.000, -19.61991, 6 
data, 0, 2, 0.000, -19.61991, 6 
data, 0, 2, 0.000, -19.61991, 6 
data, 0, 2, 0.000, -19.61991, 6 
data, 0, 2, 0.000, -19.61991, 6 
data, 0, 2, 0.000, -19.61991, 6 
data, 0, 2, 0.000, -19.61991, 6 
data, 0, 2, 0.000, -19.61991, 6 
data, 0, 2, 0.000, -19.61991, 6 
data, 0, 2, 0.000, -19.61991, 6 
data, 0, 2, 0.000, -19.61991, 6 
data, 0, 2, 0.000, -19.61991, 6 
data, 0, 2, 0.000, -19.61991, 6 
data, 0, 2, 0.000, -19.61991, 6 
data, 0, 2, 0.000, -19.61993, 6 
data, 0, 2, 0.000, -19.61993, 6 
data, 0, 2, 0.000, -19.61993, 6 
data, 0, 2, 0.000, -19.61993, 6 
data, 0, 2, 0.000, -19.61993, 6 
data, 0, 2, 0.000, -19.61993, 6 
data, 0, 2, 0.000, -19.61993, 6 
data, 0, 2, 0.000, -19.61993, 6 
data, 0, 2, 0.000, -19.61993, 6 
data, 0, 2, 0.000, -19.61993, 6 
data, 0, 2, 0.000, -19.61993, 6 
data, 0, 2, 0.000, -19.61993, 6 
data, 0, 2, 0.000, -19.61993, 6 
data, 0, 2, 0.000, -19.61993, 6 
data, 0, 2, 0.000, -19.61993, 6 
data, 0, 2, 0.000, -19.61993, 6 
data, 0, 2, 0.000, -19.61993, 6 
data, 0, 2, 0.000, -19.61993, 6 
data, 0, 2, 0.000, -19.61993, 6 
data, 0, 2, 0.000, -19.61993, 6 
data, 0, 2, 0.000, -19.61993, 6 
data, 0, 2, 0.000, -19.61993, 6 
data, 0, 2, 0.000, -19.61993, 6 
data, 0, 2, 0.000, -19.61993, 6 
data, 0, 2, 0.000, -19.61993, 6 
data, 0, 2, 0.000, -19.61993, 6 
data, 0, 2, 0.000, -19.61993, 6 
data, 0, 2, 0.000, -19.61993, 6 
data, 0, 2, 0.000, -19.61993, 6 
data, 0, 2, 0.000, -19.61993, 6 
data, 0, 2, 0.000, -19.61993, 6 
data, 0, 2, 0.000, -19.61993, 6 
data, 0, 2, 0.000, -19.61993, 6 
data, 0, 2, 0.000, -19.61993, 6 
data, 0, 2, 0.000, -19.61989, 6 
data, 0, 2, 0.000, -19.61989, 6 
data, 0, 2, 0.000, -19.61989, 6 
data, 0, 2, 0.000, -19.61989, 6 
data, 0, 2, 0.000, -19.61989, 6 
data, 0, 2, 0.000, -19.61989, 6 
data, 0, 2, 0.000, -19.61989, 6 
data, 0, 2, 0.000, -19.61989, 6 
data, 0, 2, 0.000, -19.61989, 6 
data, 0, 2, 0.000, -19.61989, 6 
data, 0, 2, 0.000, -19.61989, 6 
data, 0, 2, 0.000, -19.61989, 6 
data, 0, 2, 0.000, -19.61989, 6 
data, 0, 2, 0.000, -19.61989, 6 
data, 0, 2, 0.000, -19.61989, 6 
data, 0, 2, 0.000, -19.61989, 6 
data, 0, 2, 0.000, -19.61989, 6 
data, 0, 2, 0.000, -19.61989, 6 
data, 0, 2, 0.000, -19.61989, 6 
data, 0, 2, 0.000, -19.61989, 6 
data, 0, 2, 0.000, -19.61989, 6 
data, 0, 2, 0.000, -19.61989, 6 
data, 0, 2, 0.000, -19.61989, 6 
data, 0, 2, 0.000, -19.61989, 6 
data, 0, 2, 0.000, -19.61989, 6 
data, 0, 2, 0.000, -19.61989, 6 
data, 0, 2, 0.000, -19.61989, 6 
data, 0, 2, 0.000, -19.61989, 6 
data, 0, 2, 0.000, -19.61989, 6 
data, 0, 2, 0.000, -19.61989, 6 
data, 0, 2, 0.000, -19.61989, 6 
data, 0, 2, 0.000, -19.61989, 6 
data, 0, 2, 0.000, -19.61989, 6 
data, 0, 2, 0.000, -19.61989, 6 
data, 0, 2, 0.000, -19.61984, 6 
data, 0, 2, 0.000, -19.61984, 6 
data, 0, 2, 0.000, -19.61984, 6 
data, 0, 2, 0.000, -19.61984, 6 
data, 0, 2, 0.000, -19.61984, 6 
data, 0, 2, 0.000, -19.61984, 6 
data, 0, 2, 0.000, -19.61984, 6 
data, 0, 2, 0.000, -19.61984, 6 
data, 0, 2, 0.000, -19.61984, 6 
data, 0, 2, 0.000, -19.61984, 6 
data, 0, 2, 0.000, -19.61984, 6 
data, 0, 2, 0.000, -19.61984, 6 
data, 0, 2, 0.000, -19.61984, 6 
data, 0, 2, 0.000, -19.61984, 6 
data, 0, 2, 0.000, -19.61984, 6 
data, 0, 2, 0.000, -19.61984, 6 
data, 0, 2, 0.000, -19.61984, 6 
data, 0, 2, 0.000, -19.61984, 6 
data, 0, 2, 0.000, -19.61984, 6 
data, 0, 2, 0.000, -19.61984, 6 
data, 0, 2, 0.000, -19.61984, 6 
data, 0, 2, 0.000, -19.61984, 6 
data, 0, 2, 0.000, -19.61984, 6 
data, 0, 2, 0.000, -19.61984, 6 
data, 0, 2, 0.000, -19.61984, 6 
data, 0, 2, 0.000, -19.61984, 6 
data, 0, 2, 0.000, -19.61984, 6 
data, 0, 2, 0.000, -19.61984, 6 
data, 0, 2, 0.000, -19.61984, 6 
data, 0, 2, 0.000, -19.61984, 6 
data, 0, 2, 0.000, -19.61984, 6 
data, 0, 2, 0.000, -19.61984, 6 
data, 0, 2, 0.000, -19.61984, 6 
data, 0, 2, 0.000, -19.61984, 6 
data, 0, 2, 0.000, -19.61989, 6 
data, 0, 2, 0.000, -19.61989, 6 
data, 0, 2, 0.000, -19.61989, 6 
data, 0, 2, 0.000, -19.61989, 6 
data, 0, 2, 0.000, -19.61989, 6 
data, 0, 2, 0.000, -19.61989, 6 
data, 0, 2, 0.000, -19.61989, 6 
data, 0, 2, 0.000, -19.61989, 6 
data, 0, 2, 0.000, -19.61989, 6 
data, 0, 2, 0.000, -19.61989, 6 
data, 0, 2, 0.000, -19.61989, 6 
data, 0, 2, 0.000, -19.61989, 6 
data, 0, 2, 0.000, -19.61989, 6 
data, 0, 2, 0.000, -19.61989, 6 
data, 0, 2, 0.000, -19.61989, 6 
data, 0, 2, 0.000, -19.61989, 6 
data, 0, 2, 0.000, -19.61989, 6 
data, 0, 2, 0.000, -19.61989, 6 
data, 0, 2, 0.000, -19.61989, 6 
data, 0, 2, 0.000, -19.61989, 6 
data, 0, 2, 0.000, -19.61989, 6 
data, 0, 2, 0.000, -19.61989, 6 
data, 0, 2, 0.000, -19.61989, 6 
data, 0, 2, 0.000, -19.61989, 6 
data, 0, 2, 0.000, -19.61989, 6 
data, 0, 2, 0.000, -19.61989, 6 
data, 0, 2, 0.000, -19.61989, 6 
data, 0, 2, 0.000, -19.61989, 6 
data, 0, 2, 0.000, -19.61989, 6 
data, 0, 2, 0.000, -19.61989, 6 
data, 0, 2, 0.000, -19.61989, 6 
data, 0, 2, 0.000,E (6831) task_wdt: Task watchdog got triggered. The following tasks/users did not reset the watchdog in time:
[1;31mE (6831) task_wdt:  - IDLE0 (CPU 0)[0m
[1;31mE (6831) task_wdt: Tasks currently running:[0m
[1;31mE (6831) task_wdt: CPU 0: Log[0m
[1;31mE (6831) task_wdt: CPU 1: Coordinator[0m
[1;31mE (6831) task_wdt: Aborting.[0m
[1;31mE (6831) task_wdt: Print CPU 0 (current core) backtrace[0m




Backtrace: 0x400d490b:0x3ffb69a0 0x400d5018:0x3ffb69d0 0x400d5f72:0x3ffb6a00 0x4000bd83:0x3ffb6a20 0x4000182a:0x3ffb6a40 0x400d5995:0x3ffb6a60 0x400d5f72:0x3ffb6a80 0x4000bd83:0x3ffb6aa0 0x4000117d:0x3ffb6ac0 0x400592fe:0x3ffb6ae0 0x4005937a:0x3ffb6b00 0x400e1cb1:0x3ffb6b20 0x400e940b:0x3ffb6b50 0x400e9302:0x3ffb6b70 0x400e1d07:0x3ffb6e90 0x400d6d31:0x3ffb6ee0 0x400873c9:0x3ffb6f20




ELF file SHA256: 71d4b3858

Rebooting...
ets Jul 29 2019 12:21:46

rst:0xc (SW_CPU_RESET),boot:0x13 (SPI_FAST_FLASH_BOOT)
configsip: 0, SPIWP:0xee
clk_drv:0x00,q_drv:0x00,d_drv:0x00,cs0_drv:0x00,hd_drv:0x00,wp_drv:0x00
mode:DIO, clock div:2
load:0x3fff0030,len:6384
load:0x40078000,len:15916
load:0x40080400,len:3920
entry 0x40080644
[0;32mI (27) boot: ESP-IDF v5.5.2 2nd stage bootloader[0m
[0;32mI (27) boot: compile time Jan  1 1980 00:00:00[0m
[0;32mI (27) boot: Multicore bootloader[0m
[0;32mI (29) boot: chip revision: v3.1[0m
[0;32mI (31) boot.esp32: SPI Speed      : 40MHz[0m
[0;32mI (35) boot.esp32: SPI Mode       : DIO[0m
[0;32mI (39) boot.esp32: SPI Flash Size : 2MB[0m
[0;32mI (42) boot: Enabling RNG early entropy source...[0m
[0;32mI (47) boot: Partition Table:[0m
[0;32mI (49) boot: ## Label            Usage          Type ST Offset   Length[0m
[0;32mI (56) boot:  0 nvs              WiFi data        01 02 00009000 00006000[0m
[0;32mI (62) boot:  1 phy_init         RF data          01 01 0000f000 00001000[0m
[0;32mI (69) boot:  2 factory          factory app      00 00 00010000 00100000[0m
[0;32mI (75) boot: End of partition table[0m
[0;32mI (79) esp_image: segment 0: paddr=00010020 vaddr=3f400020 size=0c3f0h ( 50160) map[0m
[0;32mI (103) esp_image: segment 1: paddr=0001c418 vaddr=3ffb0000 size=0299ch ( 10652) load[0m
[0;32mI (107) esp_image: segment 2: paddr=0001edbc vaddr=40080000 size=0125ch (  4700) load[0m
[0;32mI (110) esp_image: segment 3: paddr=00020020 vaddr=400d0020 size=1ce48h (118344) map[0m
[0;32mI (155) esp_image: segment 4: paddr=0003ce70 vaddr=4008125c size=0e824h ( 59428) load[0m
[0;32mI (178) esp_image: segment 5: paddr=0004b69c vaddr=50000000 size=00020h (    32) load[0m
[0;32mI (186) boot: Loaded app from partition at offset 0x10000[0m
[0;32mI (186) boot: Disabling RNG early entropy source...[0m
[0;32mI (199) cpu_start: Multicore app[0m
[0;32mI (207) cpu_start: GPIO 3 and 1 are used as console UART I/O pins[0m
[0;32mI (207) cpu_start: Pro cpu start user code[0m
[0;32mI (207) cpu_start: cpu freq: 160000000 Hz[0m
[0;32mI (209) app_init: Application information:[0m
[0;32mI (213) app_init: Project name:     multi_channel_voltage_source_fw[0m
[0;32mI (219) app_init: App version:      990a517-dirty[0m
[0;32mI (223) app_init: Compile time:     Jan  1 1980 00:00:00[0m
[0;32mI (228) app_init: ELF file SHA256:  71d4b3858...[0m
[0;32mI (233) app_init: ESP-IDF:          v5.5.2[0m
[0;32mI (237) efuse_init: Min chip rev:     v0.0[0m
[0;32mI (240) efuse_init: Max chip rev:     v3.99 [0m
[0;32mI (244) efuse_init: Chip rev:         v3.1[0m
[0;32mI (248) heap_init: Initializing. RAM available for dynamic allocation:[0m
[0;32mI (255) heap_init: At 3FFAE6E0 len 00001920 (6 KiB): DRAM[0m
[0;32mI (260) heap_init: At 3FFB3490 len 0002CB70 (178 KiB): DRAM[0m
[0;32mI (265) heap_init: At 3FFE0440 len 00003AE0 (14 KiB): D/IRAM[0m
[0;32mI (270) heap_init: At 3FFE4350 len 0001BCB0 (111 KiB): D/IRAM[0m
[0;32mI (276) heap_init: At 4008FA80 len 00010580 (65 KiB): IRAM[0m
[0;32mI (282) spi_flash: detected chip: generic[0m
[0;32mI (285) spi_flash: flash io: dio[0m
[0;33mW (288) spi_flash: Detected size(4096k) larger than the size in the binary image header(2048k). Using the size in the binary image header.[0m
[0;32mI (301) main_task: Started on CPU0[0m
[0;32mI (311) main_task: Calling app_main()[0m
[0;32mI (311) main_task: Returned from app_main()[0m
[1;31mE (421) Channel: Could not open NVS. Using default values[0m
[1;31mE (721) Channel: Could not open NVS. Using default values[0m
[1;31mE (1031) Channel: Could not open NVS. Using default values[0m
[1;31mE (1331) Channel: Could not open NVS. Using default values[0m
[0;32mI (1631) Coordinator: startup complete[0m
data, 3, 2, 0.000, -0.01374, 1 
data, 3, 2, 0.000, -0.01374, 1 
data, 3, 2, 0.000, -0.01374, 1 
data, 3, 2, 0.000, -0.01374, 1 
data, 3, 2, 0.000, -0.01374, 1 
data, 3, 2, 0.000, -0.01374, 1 
data, 3, 2, 0.000, -0.01374, 1 
data, 3, 2, 0.000, -0.01374, 1 
data, 3, 2, 0.000, -0.01374, 1 
data, 3, 2, 0.000, -0.01374, 1 
data, 3, 2, 0.000, -0.01374, 1 
data, 3, 2, 0.000, -0.01374, 1 
data, 3, 2, 0.000, -0.01374, 1 
data, 3, 2, 0.000, -0.01374, 1 
data, 3, 2, 0.000, -0.01374, 1 
data, 3, 2, 0.000, -0.01374, 1 
data, 3, 2, 0.000, -0.01374, 1 
data, 3, 2, 0.000, -0.01374, 1 
data, 3, 2, 0.000, -0.01374, 1 
data, 3, 2, 0.000, -0.01374, 1 
data, 3, 2, 0.000, -0.01374, 1 
data, 3, 2, 0.000, -0.01374, 1 
data, 3, 2, 0.000, -0.01374, 1 
data, 3, 2, 0.000, -0.01374, 1 
data, 3, 2, 0.000, -0.01374, 1 
data, 3, 2, 0.000, -0.01374, 1 
data, 3, 2, 0.000, -0.01374, 1 
data, 3, 2, 0.000, -0.01374, 1 
data, 3, 2, 0.000, -0.01374, 1 
data, 3, 2, 0.000, -0.01374, 1 
data, 3, 2, 0.000, -0.01374, 1 
data, 3, 2, 0.000, -0.01374, 1 
data, 3, 2, 0.000, -0.01374, 1 
data, 3, 2, 0.000, -0.01374, 1 
data, 3, 2, 0.000, -0.01374, 1 
data, 3, 2, 0.000, -0.01374, 1 
data, 3, 2, 0.000, -0.01374, 1 
data, 3, 2, 0.000, -0.01374, 1 
data, 3, 2, 0.000, -0.01374, 1 
data, 3, 2, 0.000, -0.01374, 1 
data, 0, 2, 0.000, -19.62041, 1 
data, 0, 2, 0.000, -19.62041, 1 
data, 0, 2, 0.000, -19.62041, 1 
data, 0, 2, 0.000, -19.62041, 1 
data, 0, 2, 0.000, -19.62041, 1 
data, 0, 2, 0.000, -19.62041, 1 
data, 0, 2, 0.000, -19.62041, 1 
data, 0, 2, 0.000, -19.62041, 1 
data, 0, 2, 0.000, -19.62041, 1 
data, 0, 2, 0.000, -19.62041, 1 
data, 0, 2, 0.000, -19.62041, 1 
data, 0, 2, 0.000, -19.62041, 1 
data, 0, 2, 0.000, -19.62041, 1 
data, 0, 2, 0.000, -19.62041, 1 
data, 0, 2, 0.000, -19.62041, 1 
data, 0, 2, 0.000, -19.62041, 1 
data, 0, 2, 0.000, -19.62041, 1 
data, 0, 2, 0.000, -19.62041, 1 
data, 0, 2, 0.000, -19.62041, 1 
data, 0, 2, 0.000, -19.62041, 1 
data, 0, 2, 0.000, -19.62041, 1 
data, 0, 2, 0.000, -19.62041, 1 
data, 0, 2, 0.000, -19.62041, 1 
data, 0, 2, 0.000, -19.62041, 1 
data, 0, 2, 0.000, -19.62041, 1 
data, 0, 2, 0.000, -19.62041, 1 
data, 0, 2, 0.000, -19.62041, 1 
data, 0, 2, 0.000, -19.62041, 1 
data, 0, 2, 0.000, -19.62041, 1 
data, 0, 2, 0.000, -19.62041, 1 
data, 0, 2, 0.000, -19.62041, 1 
data, 0, 2, 0.000, -19.62041, 1 
data, 0, 2, 0.000, -19.62041, 1 
data, 0, 2, 0.000, -19.62041, 1 
data, 0, 2, 0.000, -19.62047, 1 
data, 0, 2, 0.000, -19.62047, 1 
data, 0, 2, 0.000, -19.62047, 1 
data, 0, 2, 0.000, -19.62047, 1 
data, 0, 2, 0.000, -19.62047, 1 
data, 0, 2, 0.000, -19.62047, 1 
data, 0, 2, 0.000, -19.62047, 1 
data, 0, 2, 0.000, -19.62047, 1 
data, 0, 2, 0.000, -19.62047, 1 
data, 0, 2, 0.000, -19.62047, 1 
data, 0, 2, 0.000, -19.62047, 1 
data, 0, 2, 0.000, -19.62047, 1 
data, 0, 2, 0.000, -19.62047, 1 
data, 0, 2, 0.000, -19.62047, 1 
data, 0, 2, 0.000, -19.62047, 1 
data, 0, 2, 0.000, -19.62047, 1 
data, 0, 2, 0.000, -19.62047, 1 
data, 0, 2, 0.000, -19.62047, 1 
data, 0, 2, 0.000, -19.62047, 1 
data, 0, 2, 0.000, -19.62047, 1 
data, 0, 2, 0.000, -19.62047, 1 
data, 0, 2, 0.000, -19.62047, 1 
data, 0, 2, 0.000, -19.62047, 1 
data, 0, 2, 0.000, -19.62047, 1 
data, 0, 2, 0.000, -19.62047, 1 
data, 0, 2, 0.000, -19.62047, 1 
data, 0, 2, 0.000, -19.62047, 1 
data, 0, 2, 0.000, -19.62047, 1 
data, 0, 2, 0.000, -19.62047, 1 
data, 0, 2, 0.000, -19.62047, 1 
data, 0, 2, 0.000, -19.62047, 1 
data, 0, 2, 0.000, -19.62047, 1 
data, 0, 2, 0.000, -19.62047, 1 
data, 0, 2, 0.000, -19.62047, 1 
data, 0, 2, 0.000, -19.62047, 1 
data, 0, 2, 0.000, -19.62047, 1 
data, 0, 2, 0.000, -19.62047, 1 
data, 0, 2, 0.000, -19.62047, 1 
data, 0, 2, 0.000, -19.62047, 1 
data, 0, 2, 0.000, -19.62047, 1 
data, 0, 2, 0.000, -19.62047, 1 
data, 0, 2, 0.000, -19.62047, 1 
data, 0, 2, 0.000, -19.62047, 1 
data, 0, 2, 0.000, -19.62047, 1 
data, 0, 2, 0.000, -19.62047, 1 
data, 0, 2, 0.000, -19.62047, 1 
data, 0, 2, 0.000, -19.62047, 1 
data, 0, 2, 0.000, -19.62047, 1 
data, 0, 2, 0.000, -19.62047, 1 
data, 0, 2, 0.000, -19.62047, 1 
data, 0, 2, 0.000, -19.62047, 1 
data, 0, 2, 0.000, -19.62047, 1 
data, 0, 2, 0.000, -19.62047, 1 
data, 0, 2, 0.000, -19.62047, 1 
data, 0, 2, 0.000, -19.62047, 1 
data, 0, 2, 0.000, -19.62047, 1 
data, 0, 2, 0.000, -19.62047, 1 
data, 0, 2, 0.000, -19.62047, 1 
data, 0, 2, 0.000, -19.62047, 1 
data, 0, 2, 0.000, -19.62047, 1 
data, 0, 2, 0.000, -19.62047, 1 
data, 0, 2, 0.000, -19.62047, 1 
data, 0, 2, 0.000, -19.62047, 1 
data, 0, 2, 0.000, -19.62047, 1 
data, 0, 2, 0.000, -19.62047, 1 
data, 0, 2, 0.000, -19.62047, 1 
data, 0, 2, 0.000, -19.62047, 1 
data, 0, 2, 0.000, -19.62047, 1 
data, 0, 2, 0.000, -19.62040, 1 
data, 0, 2, 0.000, -19.62040, 1 
data, 0, 2, 0.000, -19.62040, 1 
data, 0, 2, 0.000, -19.62040, 1 
data, 0, 2, 0.000, -19.62040, 1 
data, 0, 2, 0.000, -19.62040, 1 
data, 0, 2, 0.000, -19.62040, 1 
data, 0, 2, 0.000, -19.62040, 1 
data, 0, 2, 0.000, -19.62040, 1 
data, 0, 2, 0.000, -19.62040, 1 
data, 0, 2, 0.000, -19.62040, 1 
data, 0, 2, 0.000, -19.62040, 1 
data, 0, 2, 0.000, -19.62040, 1 
data, 0, 2, 0.000, -19.62040, 1 
data, 0, 2, 0.000, -19.62040, 1 
data, 0, 2, 0.000, -19.62040, 1 
data, 0, 2, 0.000, -19.62040, 1 
data, 0, 2, 0.000, -19.62040, 1 
data, 0, 2, 0.000, -19.62040, 1 
data, 0, 2, 0.000, -19.62040, 1 
data, 0, 2, 0.000, -19.62040, 1 
data, 0, 2, 0.000, -19.62040, 1 
data, 0, 2, 0.000, -19.62040, 1 
data, 0, 2, 0.000, -19.62040, 1 
data, 0, 2, 0.000, -19.62040, 1 
data, 0, 2, 0.000, -19.62040, 1 
data, 0, 2, 0.000, -19.62040, 1 
data, 0, 2, 0.000, -19.62040, 1 
data, 0, 2, 0.000, -19.62040, 1 
data, 0, 2, 0.000, -19.62040, 1 
data, 0, 2, 0.000, -19.62040, 1 
data, 0, 2, 0.000, -19.62040, 1 
data, 0, 2, 0.000, -19.62040, 1 
data, 0, 2, 0.000, -19.62031, 1 
data, 0, 2, 0.000, -19.62031, 1 
data, 0, 2, 0.000, -19.62031, 1 
data, 0, 2, 0.000, -19.62031, 1 
data, 0, 2, 0.000, -19.62031, 1 
data, 0, 2, 0.000, -19.62031, 1 
data, 0, 2, 0.000, -19.62031, 1 
data, 0, 2, 0.000, -19.62031, 1 
data, 0, 2, 0.000, -19.62031, 1 
data, 0, 2, 0.000, -19.62031, 1 
data, 0, 2, 0.000, -19.62031, 1 
data, 0, 2, 0.000, -19.62031, 1 
data, 0, 2, 0.000, -19.62031, 1 
data, 0, 2, 0.000, -19.62031, 1 
data, 0, 2, 0.000, -19.62031, 1 
data, 0, 2, 0.000, -19.62031, 1 
data, 0, 2, 0.000, -19.62031, 1 
data, 0, 2, 0.000, -19.62031, 1 
data, 0, 2, 0.000, -19.62031, 1 
data, 0, 2, 0.000, -19.62031, 1 
data, 0, 2, 0.000, -19.62031, 1 
data, 0, 2, 0.000, -19.62031, 1 
data, 0, 2, 0.000, -19.62031, 1 
data, 0, 2, 0.000, -19.62031, 1 
data, 0, 2, 0.000, -19.62031, 1 
data, 0, 2, 0.000, -19.62031, 1 
data, 0, 2, 0.000, -19.62031, 1 
data, 0, 2, 0.000, -19.62031, 1 
data, 0, 2, 0.000, -19.62031, 1 
data, 0, 2, 0.000, -19.62031, 1 
data, 0, 2, 0.000, -19.62031, 1 
data, 0, 2, 0.000, -19.62031, 1 
data, 0, 2, 0.000, -19.62031, 1 
data, 0, 2, 0.000, -19.62031, 1 
data, 0, 2, 0.000, -19.62031, 1 
data, 0, 2, 0.000, -19.62031, 1 
data, 0, 2, 0.000, -19.62031, 1 
data, 0, 2, 0.000, -19.62031, 1 
data, 0, 2, 0.000, -19.62031, 1 
data, 0, 2, 0.000, -19.62031, 1 
data, 0, 2, 0.000, -19.62031, 1 
data, 0, 2, 0.000, -19.62031, 1 
data, 0, 2, 0.000, -19.62031, 1 
data, 0, 2, 0.000, -19.62031, 1 
data, 0, 2, 0.000, -19.62031, 1 
data, 0, 2, 0.000, -19.62031, 1 
data, 0, 2, 0.000, -19.62031, 1 
data, 0, 2, 0.000, -19.62031, 1 
data, 0, 2, 0.000, -19.62031, 1 
data, 0, 2, 0.000, -19.62031, 1 
data, 0, 2, 0.000, -19.62031, 1 
data, 0, 2, 0.000, -19.62031, 2 
data, 0, 2, 0.000, -19.62031, 2 
data, 0, 2, 0.000, -19.62031, 2 
data, 0, 2, 0.000, -19.62031, 2 
data, 0, 2, 0.000, -19.62031, 2 
data, 0, 2, 0.000, -19.62031, 2 
data, 0, 2, 0.000, -19.62031, 2 
data, 0, 2, 0.000, -19.62031, 2 
data, 0, 2, 0.000, -19.62031, 2 
data, 0, 2, 0.000, -19.62031, 2 
data, 0, 2, 0.000, -19.62031, 2 
data, 0, 2, 0.000, -19.62031, 2 
data, 0, 2, 0.000, -19.62031, 2 
data, 0, 2, 0.000, -19.62031, 2 
data, 0, 2, 0.000, -19.62031, 2 
data, 0, 2, 0.000, -19.62031, 2 
data, 0, 2, 0.000, -19.62031, 2 
data, 0, 2, 0.000, -19.62017, 2 
data, 0, 2, 0.000, -19.62017, 2 
data, 0, 2, 0.000, -19.62017, 2 
data, 0, 2, 0.000, -19.62017, 2 
data, 0, 2, 0.000, -19.62017, 2 
data, 0, 2, 0.000, -19.62017, 2 
data, 0, 2, 0.000, -19.62017, 2 
data, 0, 2, 0.000, -19.62017, 2 
data, 0, 2, 0.000, -19.62017, 2 
data, 0, 2, 0.000, -19.62017, 2 
data, 0, 2, 0.000, -19.62017, 2 
data, 0, 2, 0.000, -19.62017, 2 
data, 0, 2, 0.000, -19.62017, 2 
data, 0, 2, 0.000, -19.62017, 2 
data, 0, 2, 0.000, -19.62017, 2 
data, 0, 2, 0.000, -19.62017, 2 
data, 0, 2, 0.000, -19.62017, 2 
data, 0, 2, 0.000, -19.62017, 2 
data, 0, 2, 0.000, -19.62017, 2 
data, 0, 2, 0.000, -19.62017, 2 
data, 0, 2, 0.000, -19.62017, 2 
data, 0, 2, 0.000, -19.62017, 2 
data, 0, 2, 0.000, -19.62017, 2 
data, 0, 2, 0.000, -19.62017, 2 
data, 0, 2, 0.000, -19.62017, 2 
data, 0, 2, 0.000, -19.62017, 2 
data, 0, 2, 0.000, -19.62017, 2 
data, 0, 2, 0.000, -19.62017, 2 
data, 0, 2, 0.000, -19.62017, 2 
data, 0, 2, 0.000, -19.62017, 2 
data, 0, 2, 0.000, -19.62017, 2 
data, 0, 2, 0.000, -19.62017, 2 
data, 0, 2, 0.000, -19.62017, 2 
data, 0, 2, 0.000, -19.62017, 2 
data, 0, 2, 0.000, -19.62020, 2 
data, 0, 2, 0.000, -19.62020, 2 
data, 0, 2, 0.000, -19.62020, 2 
data, 0, 2, 0.000, -19.62020, 2 
data, 0, 2, 0.000, -19.62020, 2 
data, 0, 2, 0.000, -19.62020, 2 
data, 0, 2, 0.000, -19.62020, 2 
data, 0, 2, 0.000, -19.62020, 2 
data, 0, 2, 0.000, -19.62020, 2 
data, 0, 2, 0.000, -19.62020, 2 
data, 0, 2, 0.000, -19.62020, 2 
data, 0, 2, 0.000, -19.62020, 2 
data, 0, 2, 0.000, -19.62020, 2 
data, 0, 2, 0.000, -19.62020, 2 
data, 0, 2, 0.000, -19.62020, 2 
data, 0, 2, 0.000, -19.62020, 2 
data, 0, 2, 0.000, -19.62020, 2 
data, 0, 2, 0.000, -19.62020, 2 
data, 0, 2, 0.000, -19.62020, 2 
data, 0, 2, 0.000, -19.62020, 2 
data, 0, 2, 0.000, -19.62020, 2 
data, 0, 2, 0.000, -19.62020, 2 
data, 0, 2, 0.000, -19.62020, 2 
data, 0, 2, 0.000, -19.62020, 2 
data, 0, 2, 0.000, -19.62020, 2 
data, 0, 2, 0.000, -19.62020, 2 
data, 0, 2, 0.000, -19.62020, 2 
data, 0, 2, 0.000, -19.62020, 2 
data, 0, 2, 0.000, -19.62020, 2 
data, 0, 2, 0.000, -19.62020, 2 
data, 0, 2, 0.000, -19.62020, 2 
data, 0, 2, 0.000, -19.62020, 2 
data, 0, 2, 0.000, -19.62020, 2 
data, 0, 2, 0.000, -19.62020, 2 
data, 0, 2, 0.000, -19.62030, 2 
data, 0, 2, 0.000, -19.62030, 2 
data, 0, 2, 0.000, -19.62030, 2 
data, 0, 2, 0.000, -19.62030, 2 
data, 0, 2, 0.000, -19.62030, 2 
data, 0, 2, 0.000, -19.62030, 2 
data, 0, 2, 0.000, -19.62030, 2 
data, 0, 2, 0.000, -19.62030, 2 
data, 0, 2, 0.000, -19.62030, 2 
data, 0, 2, 0.000, -19.62030, 2 
data, 0, 2, 0.000, -19.62030, 2 
data, 0, 2, 0.000, -19.62030, 2 
data, 0, 2, 0.000, -19.62030, 2 
data, 0, 2, 0.000, -19.62030, 2 
data, 0, 2, 0.000, -19.62030, 2 
data, 0, 2, 0.000, -19.62030, 2 
data, 0, 2, 0.000, -19.62030, 2 
data, 0, 2, 0.000, -19.62030, 2 
data, 0, 2, 0.000, -19.62030, 2 
data, 0, 2, 0.000, -19.62030, 2 
data, 0, 2, 0.000, -19.62030, 2 
data, 0, 2, 0.000, -19.62030, 2 
data, 0, 2, 0.000, -19.62030, 2 
data, 0, 2, 0.000, -19.62030, 2 
data, 0, 2, 0.000, -19.62030, 2 
data, 0, 2, 0.000, -19.62030, 2 
data, 0, 2, 0.000, -19.62030, 2 
data, 0, 2, 0.000, -19.62030, 2 
data, 0, 2, 0.000, -19.62030, 2 
data, 0, 2, 0.000, -19.62030, 2 
data, 0, 2, 0.000, -19.62030, 2 
data, 0, 2, 0.000, -19.62030, 2 
data, 0, 2, 0.000, -19.62030, 2 
data, 0, 2, 0.000, -19.62030, 2 
data, 0, 2, 0.000, -19.62035, 2 
data, 0, 2, 0.000, -19.62035, 2 
data, 0, 2, 0.000, -19.62035, 2 
data, 0, 2, 0.000, -19.62035, 2 
data, 0, 2, 0.000, -19.62035, 2 
data, 0, 2, 0.000, -19.62035, 2 
data, 0, 2, 0.000, -19.62035, 2 
data, 0, 2, 0.000, -19.62035, 2 
data, 0, 2, 0.000, -19.62035, 2 
data, 0, 2, 0.000, -19.62035, 2 
data, 0, 2, 0.000, -19.62035, 2 
data, 0, 2, 0.000, -19.62035, 2 
data, 0, 2, 0.000, -19.62035, 2 
data, 0, 2, 0.000, -19.62035, 2 
data, 0, 2, 0.000, -19.62035, 2 
data, 0, 2, 0.000, -19.62035, 2 
data, 0, 2, 0.000, -19.62035, 2 
data, 0, 2, 0.000, -19.62035, 2 
data, 0, 2, 0.000, -19.62035, 2 
data, 0, 2, 0.000, -19.62035, 2 
data, 0, 2, 0.000, -19.62035, 2 
data, 0, 2, 0.000, -19.62035, 2 
data, 0, 2, 0.000, -19.62035, 2 
data, 0, 2, 0.000, -19.62035, 2 
data, 0, 2, 0.000, -19.62035, 2 
data, 0, 2, 0.000, -19.62035, 2 
data, 0, 2, 0.000, -19.62035, 2 
data, 0, 2, 0.000, -19.62035, 2 
data, 0, 2, 0.000, -19.62035, 2 
data, 0, 2, 0.000, -19.62035, 2 
data, 0, 2, 0.000, -19.62035, 2 
data, 0, 2, 0.000, -19.62035, 2 
data, 0, 2, 0.000, -19.62035, 2 
data, 0, 2, 0.000, -19.62042, 2 
data, 0, 2, 0.000, -19.62042, 2 
data, 0, 2, 0.000, -19.62042, 2 
data, 0, 2, 0.000, -19.62042, 2 
data, 0, 2, 0.000, -19.62042, 2 
data, 0, 2, 0.000, -19.62042, 2 
data, 0, 2, 0.000, -19.62042, 2 
data, 0, 2, 0.000, -19.62042, 2 
data, 0, 2, 0.000, -19.62042, 2 
data, 0, 2, 0.000, -19.62042, 2 
data, 0, 2, 0.000, -19.62042, 2 
data, 0, 2, 0.000, -19.62042, 2 
data, 0, 2, 0.000, -19.62042, 2 
data, 0, 2, 0.000, -19.62042, 2 
data, 0, 2, 0.000, -19.62042, 2 
data, 0, 2, 0.000, -19.62042, 2 
data, 0, 2, 0.000, -19.62042, 2 
data, 0, 2, 0.000, -19.62042, 2 
data, 0, 2, 0.000, -19.62042, 2 
data, 0, 2, 0.000, -19.62042, 2 
data, 0, 2, 0.000, -19.62042, 2 
data, 0, 2, 0.000, -19.62042, 2 
data, 0, 2, 0.000, -19.62042, 2 
data, 0, 2, 0.000, -19.62042, 2 
data, 0, 2, 0.000, -19.62042, 2 
data, 0, 2, 0.000, -19.62042, 2 
data, 0, 2, 0.000, -19.62042, 2 
data, 0, 2, 0.000, -19.62042, 2 
data, 0, 2, 0.000, -19.62042, 2 
data, 0, 2, 0.000, -19.62042, 2 
data, 0, 2, 0.000, -19.62042, 2 
data, 0, 2, 0.000, -19.62042, 2 
data, 0, 2, 0.000, -19.62042, 2 
data, 0, 2, 0.000, -19.62042, 2 
data, 0, 2, 0.000, -19.62044, 2 
data, 0, 2, 0.000, -19.62044, 2 
data, 0, 2, 0.000, -19.62044, 2 
data, 0, 2, 0.000, -19.62044, 2 
data, 0, 2, 0.000, -19.62044, 2 
data, 0, 2, 0.000, -19.62044, 2 
data, 0, 2, 0.000, -19.62044, 2 
data, 0, 2, 0.000, -19.62044, 2 
data, 0, 2, 0.000, -19.62044, 2 
data, 0, 2, 0.000, -19.62044, 2 
data, 0, 2, 0.000, -19.62044, 2 
data, 0, 2, 0.000, -19.62044, 2 
data, 0, 2, 0.000, -19.62044, 2 
data, 0, 2, 0.000, -19.62044, 2 
data, 0, 2, 0.000, -19.62044, 2 
data, 0, 2, 0.000, -19.62044, 2 
data, 0, 2, 0.000, -19.62044, 2 
data, 0, 2, 0.000, -19.62044, 2 
data, 0, 2, 0.000, -19.62044, 2 
data, 0, 2, 0.000, -19.62044, 2 
data, 0, 2, 0.000, -19.62044, 2 
data, 0, 2, 0.000, -19.62044, 2 
data, 0, 2, 0.000, -19.62044, 2 
data, 0, 2, 0.000, -19.62044, 2 
data, 0, 2, 0.000, -19.62044, 2 
