Command: /nix/store/yxn8caq88x7ncmsbvqn51wk7pwqmvivc-python3-3.13.9-env/bin/python /nix/store/516xlp8n62j0jwj47gjyy6w120zi3rd8-esp-idf-v5.5.2/tools/idf_monitor.py -p /dev/ttyUSB0 -b 115200 --toolchain-prefix xtensa-esp32-elf- --target esp32 --revision 0 /home/ta1/voltage-source/build/multi_channel_voltage_source_fw.elf /home/ta1/voltage-source/build/bootloader/bootloader.elf -m '/nix/store/yxn8caq88x7ncmsbvqn51wk7pwqmvivc-python3-3.13.9-env/bin/python' '/nix/store/516xlp8n62j0jwj47gjyy6w120zi3rd8-esp-idf-v5.5.2/tools/idf.py'
ets Jul 29 2019 12:21:46

rst:0x1 (POWERON_RESET),boot:0x13 (SPI_FAST_FLASH_BOOT)
configsip: 0, SPIWP:0xee
clk_drv:0x00,q_drv:0x00,d_drv:0x00,cs0_drv:0x00,hd_drv:0x00,wp_drv:0x00
mode:DIO, clock div:2
load:0x3fff0030,len:6384
load:0x40078000,len:15916
load:0x40080400,len:3920
entry 0x40080644
[0;32mI (27) boot: ESP-IDF v5.5.2 2nd stage bootloader[0m
[0;32mI (27) boot: compile time Jan  1 1980 00:00:00[0m
[0;32mI (27) boot: Multicore bootloader[0m
[0;32mI (29) boot: chip revision: v3.1[0m
[0;32mI (32) boot.esp32: SPI Speed      : 40MHz[0m
[0;32mI (35) boot.esp32: SPI Mode       : DIO[0m
[0;32mI (39) boot.esp32: SPI Flash Size : 2MB[0m
[0;32mI (42) boot: Enabling RNG early entropy source...[0m
[0;32mI (47) boot: Partition Table:[0m
[0;32mI (49) boot: ## Label            Usage          Type ST Offset   Length[0m
[0;32mI (56) boot:  0 nvs              WiFi data        01 02 00009000 00006000[0m
[0;32mI (62) boot:  1 phy_init         RF data          01 01 0000f000 00001000[0m
[0;32mI (69) boot:  2 factory          factory app      00 00 00010000 00100000[0m
[0;32mI (75) boot: End of partition table[0m
[0;32mI (79) esp_image: segment 0: paddr=00010020 vaddr=3f400020 size=0c3f0h ( 50160) map[0m
[0;32mI (103) esp_image: segment 1: paddr=0001c418 vaddr=3ffb0000 size=0299ch ( 10652) load[0m
[0;32mI (108) esp_image: segment 2: paddr=0001edbc vaddr=40080000 size=0125ch (  4700) load[0m
[0;32mI (110) esp_image: segment 3: paddr=00020020 vaddr=400d0020 size=1ce48h (118344) map[0m
[0;32mI (155) esp_image: segment 4: paddr=0003ce70 vaddr=4008125c size=0e824h ( 59428) load[0m
[0;32mI (179) esp_image: segment 5: paddr=0004b69c vaddr=50000000 size=00020h (    32) load[0m
[0;32mI (186) boot: Loaded app from partition at offset 0x10000[0m
[0;32mI (187) boot: Disabling RNG early entropy source...[0m
[0;32mI (199) cpu_start: Multicore app[0m
[0;32mI (207) cpu_start: GPIO 3 and 1 are used as console UART I/O pins[0m
[0;32mI (207) cpu_start: Pro cpu start user code[0m
[0;32mI (207) cpu_start: cpu freq: 160000000 Hz[0m
[0;32mI (209) app_init: Application information:[0m
[0;32mI (213) app_init: Project name:     multi_channel_voltage_source_fw[0m
[0;32mI (219) app_init: App version:      990a517-dirty[0m
[0;32mI (223) app_init: Compile time:     Jan  1 1980 00:00:00[0m
[0;32mI (228) app_init: ELF file SHA256:  71d4b3858...[0m
[0;32mI (233) app_init: ESP-IDF:          v5.5.2[0m
[0;32mI (237) efuse_init: Min chip rev:     v0.0[0m
[0;32mI (240) efuse_init: Max chip rev:     v3.99 [0m
[0;32mI (244) efuse_init: Chip rev:         v3.1[0m
[0;32mI (249) heap_init: Initializing. RAM available for dynamic allocation:[0m
[0;32mI (255) heap_init: At 3FFAE6E0 len 00001920 (6 KiB): DRAM[0m
[0;32mI (260) heap_init: At 3FFB3490 len 0002CB70 (178 KiB): DRAM[0m
[0;32mI (265) heap_init: At 3FFE0440 len 00003AE0 (14 KiB): D/IRAM[0m
[0;32mI (270) heap_init: At 3FFE4350 len 0001BCB0 (111 KiB): D/IRAM[0m
[0;32mI (276) heap_init: At 4008FA80 len 00010580 (65 KiB): IRAM[0m
[0;32mI (283) spi_flash: detected chip: generic[0m
[0;32mI (285) spi_flash: flash io: dio[0m
[0;33mW (288) spi_flash: Detected size(4096k) larger than the size in the binary image header(2048k). Using the size in the binary image header.[0m
[0;32mI (301) main_task: Started on CPU0[0m
[0;32mI (311) main_task: Calling app_main()[0m
[0;32mI (311) main_task: Returned from app_main()[0m
[1;31mE (421) Channel: Could not open NVS. Using default values[0m
[1;31mE (721) Channel: Could not open NVS. Using default values[0m
[1;31mE (1031) Channel: Could not open NVS. Using default values[0m
[1;31mE (1331) Channel: Could not open NVS. Using default values[0m
[0;32mI (1631) Coordinator: startup complete[0m
data, 3, 2, 0.000, -0.01352, 1 
data, 3, 2, 0.000, -0.01352, 1 
data, 3, 2, 0.000, -0.01352, 1 
data, 3, 2, 0.000, -0.01352, 1 
data, 3, 2, 0.000, -0.01352, 1 
data, 3, 2, 0.000, -0.01352, 1 
data, 3, 2, 0.000, -0.01352, 1 
data, 3, 2, 0.000, -0.01352, 1 
data, 3, 2, 0.000, -0.01352, 1 
data, 3, 2, 0.000, -0.01352, 1 
data, 3, 2, 0.000, -0.01352, 1 
data, 3, 2, 0.000, -0.01352, 1 
data, 3, 2, 0.000, -0.01352, 1 
data, 3, 2, 0.000, -0.01352, 1 
data, 3, 2, 0.000, -0.01352, 1 
data, 3, 2, 0.000, -0.01352, 1 
data, 3, 2, 0.000, -0.01352, 1 
data, 3, 2, 0.000, -0.01352, 1 
data, 3, 2, 0.000, -0.01352, 1 
data, 3, 2, 0.000, -0.01352, 1 
data, 3, 2, 0.000, -0.01352, 1 
data, 3, 2, 0.000, -0.01352, 1 
data, 3, 2, 0.000, -0.01352, 1 
data, 3, 2, 0.000, -0.01352, 1 
data, 3, 2, 0.000, -0.01352, 1 
data, 3, 2, 0.000, -0.01352, 1 
data, 3, 2, 0.000, -0.01352, 1 
data, 3, 2, 0.000, -0.01352, 1 
data, 3, 2, 0.000, -0.01352, 1 
data, 3, 2, 0.000, -0.01352, 1 
data, 3, 2, 0.000, -0.01352, 1 
data, 3, 2, 0.000, -0.01352, 1 
data, 3, 2, 0.000, -0.01352, 1 
data, 3, 2, 0.000, -0.01352, 1 
data, 3, 2, 0.000, -0.01352, 1 
data, 3, 2, 0.000, -0.01352, 1 
data, 3, 2, 0.000, -0.01352, 1 
data, 3, 2, 0.000, -0.01352, 1 
data, 3, 2, 0.000, -0.01352, 1 
data, 3, 2, 0.000, -0.01352, 1 
data, 0, 2, 0.000, -19.62114, 1 
data, 0, 2, 0.000, -19.62114, 1 
data, 0, 2, 0.000, -19.62114, 1 
data, 0, 2, 0.000, -19.62114, 1 
data, 0, 2, 0.000, -19.62114, 1 
data, 0, 2, 0.000, -19.62114, 1 
data, 0, 2, 0.000, -19.62114, 1 
data, 0, 2, 0.000, -19.62114, 1 
data, 0, 2, 0.000, -19.62114, 1 
data, 0, 2, 0.000, -19.62114, 1 
data, 0, 2, 0.000, -19.62114, 1 
data, 0, 2, 0.000, -19.62114, 1 
data, 0, 2, 0.000, -19.62114, 1 
data, 0, 2, 0.000, -19.62114, 1 
data, 0, 2, 0.000, -19.62114, 1 
data, 0, 2, 0.000, -19.62114, 1 
data, 0, 2, 0.000, -19.62114, 1 
data, 0, 2, 0.000, -19.62114, 1 
data, 0, 2, 0.000, -19.62114, 1 
data, 0, 2, 0.000, -19.62114, 1 
data, 0, 2, 0.000, -19.62114, 1 
data, 0, 2, 0.000, -19.62114, 1 
data, 0, 2, 0.000, -19.62114, 1 
data, 0, 2, 0.000, -19.62114, 1 
data, 0, 2, 0.000, -19.62114, 1 
data, 0, 2, 0.000, -19.62114, 1 
data, 0, 2, 0.000, -19.62114, 1 
data, 0, 2, 0.000, -19.62114, 1 
data, 0, 2, 0.000, -19.62114, 1 
data, 0, 2, 0.000, -19.62114, 1 
data, 0, 2, 0.000, -19.62114, 1 
data, 0, 2, 0.000, -19.62114, 1 
data, 0, 2, 0.000, -19.62114, 1 
data, 0, 2, 0.000, -19.62114, 1 
data, 0, 2, 0.000, -19.62112, 1 
data, 0, 2, 0.000, -19.62112, 1 
data, 0, 2, 0.000, -19.62112, 1 
data, 0, 2, 0.000, -19.62112, 1 
data, 0, 2, 0.000, -19.62112, 1 
data, 0, 2, 0.000, -19.62112, 1 
data, 0, 2, 0.000, -19.62112, 1 
data, 0, 2, 0.000, -19.62112, 1 
data, 0, 2, 0.000, -19.62112, 1 
data, 0, 2, 0.000, -19.62112, 1 
data, 0, 2, 0.000, -19.62112, 1 
data, 0, 2, 0.000, -19.62112, 1 
data, 0, 2, 0.000, -19.62112, 1 
data, 0, 2, 0.000, -19.62112, 1 
data, 0, 2, 0.000, -19.62112, 1 
data, 0, 2, 0.000, -19.62112, 1 
data, 0, 2, 0.000, -19.62112, 1 
data, 0, 2, 0.000, -19.62112, 1 
data, 0, 2, 0.000, -19.62112, 1 
data, 0, 2, 0.000, -19.62112, 1 
data, 0, 2, 0.000, -19.62112, 1 
data, 0, 2, 0.000, -19.62112, 1 
data, 0, 2, 0.000, -19.62112, 1 
data, 0, 2, 0.000, -19.62112, 1 
data, 0, 2, 0.000, -19.62112, 1 
data, 0, 2, 0.000, -19.62112, 1 
data, 0, 2, 0.000, -19.62112, 1 
data, 0, 2, 0.000, -19.62112, 1 
data, 0, 2, 0.000, -19.62112, 1 
data, 0, 2, 0.000, -19.62112, 1 
data, 0, 2, 0.000, -19.62112, 1 
data, 0, 2, 0.000, -19.62112, 1 
data, 0, 2, 0.000, -19.62112, 1 
data, 0, 2, 0.000, -19.62112, 1 
data, 0, 2, 0.000, -19.62114, 1 
data, 0, 2, 0.000, -19.62114, 1 
data, 0, 2, 0.000, -19.62114, 1 
data, 0, 2, 0.000, -19.62114, 1 
data, 0, 2, 0.000, -19.62114, 1 
data, 0, 2, 0.000, -19.62114, 1 
data, 0, 2, 0.000, -19.62114, 1 
data, 0, 2, 0.000, -19.62114, 1 
data, 0, 2, 0.000, -19.62114, 1 
data, 0, 2, 0.000, -19.62114, 1 
data, 0, 2, 0.000, -19.62114, 1 
data, 0, 2, 0.000, -19.62114, 1 
data, 0, 2, 0.000, -19.62114, 1 
data, 0, 2, 0.000, -19.62114, 1 
data, 0, 2, 0.000, -19.62114, 1 
data, 0, 2, 0.000, -19.62114, 1 
data, 0, 2, 0.000, -19.62114, 1 
data, 0, 2, 0.000, -19.62114, 1 
data, 0, 2, 0.000, -19.62114, 1 
data, 0, 2, 0.000, -19.62114, 1 
data, 0, 2, 0.000, -19.62114, 1 
data, 0, 2, 0.000, -19.62114, 1 
data, 0, 2, 0.000, -19.62114, 1 
data, 0, 2, 0.000, -19.62114, 1 
data, 0, 2, 0.000, -19.62114, 1 
data, 0, 2, 0.000, -19.62114, 1 
data, 0, 2, 0.000, -19.62114, 1 
data, 0, 2, 0.000, -19.62114, 1 
data, 0, 2, 0.000, -19.62114, 1 
data, 0, 2, 0.000, -19.62114, 1 
data, 0, 2, 0.000, -19.62114, 1 
data, 0, 2, 0.000, -19.62114, 1 
data, 0, 2, 0.000, -19.62114, 1 
data, 0, 2, 0.000, -19.62112, 1 
data, 0, 2, 0.000, -19.62112, 1 
data, 0, 2, 0.000, -19.62112, 1 
data, 0, 2, 0.000, -19.62112, 1 
data, 0, 2, 0.000, -19.62112, 1 
data, 0, 2, 0.000, -19.62112, 1 
data, 0, 2, 0.000, -19.62112, 1 
data, 0, 2, 0.000, -19.62112, 1 
data, 0, 2, 0.000, -19.62112, 1 
data, 0, 2, 0.000, -19.62112, 1 
data, 0, 2, 0.000, -19.62112, 1 
data, 0, 2, 0.000, -19.62112, 1 
data, 0, 2, 0.000, -19.62112, 1 
data, 0, 2, 0.000, -19.62112, 1 
data, 0, 2, 0.000, -19.62112, 1 
data, 0, 2, 0.000, -19.62112, 1 
data, 0, 2, 0.000, -19.62112, 1 
data, 0, 2, 0.000, -19.62112, 1 
data, 0, 2, 0.000, -19.62112, 1 
data, 0, 2, 0.000, -19.62112, 1 
data, 0, 2, 0.000, -19.62112, 1 
data, 0, 2, 0.000, -19.62112, 1 
data, 0, 2, 0.000, -19.62112, 1 
data, 0, 2, 0.000, -19.62112, 1 
data, 0, 2, 0.000, -19.62112, 1 
data, 0, 2, 0.000, -19.62112, 1 
data, 0, 2, 0.000, -19.62112, 1 
data, 0, 2, 0.000, -19.62112, 1 
data, 0, 2, 0.000, -19.62112, 1 
data, 0, 2, 0.000, -19.62112, 1 
data, 0, 2, 0.000, -19.62112, 1 
data, 0, 2, 0.000, -19.62112, 1 
data, 0, 2, 0.000, -19.62112, 1 
data, 0, 2, 0.000, -19.62112, 1 
data, 0, 2, 0.000, -19.62107, 1 
data, 0, 2, 0.000, -19.62107, 1 
data, 0, 2, 0.000, -19.62107, 1 
data, 0, 2, 0.000, -19.62107, 1 
data, 0, 2, 0.000, -19.62107, 1 
data, 0, 2, 0.000, -19.62107, 1 
data, 0, 2, 0.000, -19.62107, 1 
data, 0, 2, 0.000, -19.62107, 1 
data, 0, 2, 0.000, -19.62107, 1 
data, 0, 2, 0.000, -19.62107, 1 
data, 0, 2, 0.000, -19.62107, 1 
data, 0, 2, 0.000, -19.62107, 1 
data, 0, 2, 0.000, -19.62107, 1 
data, 0, 2, 0.000, -19.62107, 1 
data, 0, 2, 0.000, -19.62107, 1 
data, 0, 2, 0.000, -19.62107, 1 
data, 0, 2, 0.000, -19.62107, 1 
data, 0, 2, 0.000, -19.62107, 1 
data, 0, 2, 0.000, -19.62107, 1 
data, 0, 2, 0.000, -19.62107, 1 
data, 0, 2, 0.000, -19.62107, 1 
data, 0, 2, 0.000, -19.62107, 1 
data, 0, 2, 0.000, -19.62107, 1 
data, 0, 2, 0.000, -19.62107, 1 
data, 0, 2, 0.000, -19.62107, 1 
data, 0, 2, 0.000, -19.62107, 1 
data, 0, 2, 0.000, -19.62107, 1 
data, 0, 2, 0.000, -19.62107, 1 
data, 0, 2, 0.000, -19.62107, 1 
data, 0, 2, 0.000, -19.62107, 1 
data, 0, 2, 0.000, -19.62107, 1 
data, 0, 2, 0.000, -19.62107, 1 
data, 0, 2, 0.000, -19.62107, 1 
data, 0, 2, 0.000, -19.62107, 1 
data, 0, 2, 0.000, -19.62106, 1 
data, 0, 2, 0.000, -19.62106, 1 
data, 0, 2, 0.000, -19.62106, 1 
data, 0, 2, 0.000, -19.62106, 1 
data, 0, 2, 0.000, -19.62106, 1 
data, 0, 2, 0.000, -19.62106, 1 
data, 0, 2, 0.000, -19.62106, 1 
data, 0, 2, 0.000, -19.62106, 1 
data, 0, 2, 0.000, -19.62106, 1 
data, 0, 2, 0.000, -19.62106, 1 
data, 0, 2, 0.000, -19.62106, 1 
data, 0, 2, 0.000, -19.62106, 1 
data, 0, 2, 0.000, -19.62106, 1 
data, 0, 2, 0.000, -19.62106, 1 
data, 0, 2, 0.000, -19.62106, 1 
data, 0, 2, 0.000, -19.62106, 1 
data, 0, 2, 0.000, -19.62106, 1 
data, 0, 2, 0.000, -19.62106, 2 
data, 0, 2, 0.000, -19.62106, 2 
data, 0, 2, 0.000, -19.62106, 2 
data, 0, 2, 0.000, -19.62106, 2 
data, 0, 2, 0.000, -19.62106, 2 
data, 0, 2, 0.000, -19.62106, 2 
data, 0, 2, 0.000, -19.62106, 2 
data, 0, 2, 0.000, -19.62106, 2 
data, 0, 2, 0.000, -19.62106, 2 
data, 0, 2, 0.000, -19.62106, 2 
data, 0, 2, 0.000, -19.62106, 2 
data, 0, 2, 0.000, -19.62106, 2 
data, 0, 2, 0.000, -19.62106, 2 
data, 0, 2, 0.000, -19.62106, 2 
data, 0, 2, 0.000, -19.62106, 2 
data, 0, 2, 0.000, -19.62106, 2 
data, 0, 2, 0.000, -19.62106, 2 
data, 0, 2, 0.000, -19.62105, 2 
data, 0, 2, 0.000, -19.62105, 2 
data, 0, 2, 0.000, -19.62105, 2 
data, 0, 2, 0.000, -19.62105, 2 
data, 0, 2, 0.000, -19.62105, 2 
data, 0, 2, 0.000, -19.62105, 2 
data, 0, 2, 0.000, -19.62105, 2 
data, 0, 2, 0.000, -19.62105, 2 
data, 0, 2, 0.000, -19.62105, 2 
data, 0, 2, 0.000, -19.62105, 2 
data, 0, 2, 0.000, -19.62105, 2 
data, 0, 2, 0.000, -19.62105, 2 
data, 0, 2, 0.000, -19.62105, 2 
data, 0, 2, 0.000, -19.62105, 2 
data, 0, 2, 0.000, -19.62105, 2 
data, 0, 2, 0.000, -19.62105, 2 
data, 0, 2, 0.000, -19.62105, 2 
data, 0, 2, 0.000, -19.62105, 2 
data, 0, 2, 0.000, -19.62105, 2 
data, 0, 2, 0.000, -19.62105, 2 
data, 0, 2, 0.000, -19.62105, 2 
data, 0, 2, 0.000, -19.62105, 2 
data, 0, 2, 0.000, -19.62105, 2 
data, 0, 2, 0.000, -19.62105, 2 
data, 0, 2, 0.000, -19.62105, 2 
data, 0, 2, 0.000, -19.62105, 2 
data, 0, 2, 0.000, -19.62105, 2 
data, 0, 2, 0.000, -19.62105, 2 
data, 0, 2, 0.000, -19.62105, 2 
data, 0, 2, 0.000, -19.62105, 2 
data, 0, 2, 0.000, -19.62105, 2 
data, 0, 2, 0.000, -19.62105, 2 
data, 0, 2, 0.000, -19.62105, 2 
data, 0, 2, 0.000, -19.62105, 2 
data, 0, 2, 0.000, -19.62107, 2 
data, 0, 2, 0.000, -19.62107, 2 
data, 0, 2, 0.000, -19.62107, 2 
data, 0, 2, 0.000, -19.62107, 2 
data, 0, 2, 0.000, -19.62107, 2 
data, 0, 2, 0.000, -19.62107, 2 
data, 0, 2, 0.000, -19.62107, 2 
data, 0, 2, 0.000, -19.62107, 2 
data, 0, 2, 0.000, -19.62107, 2 
data, 0, 2, 0.000, -19.62107, 2 
data, 0, 2, 0.000, -19.62107, 2 
data, 0, 2, 0.000, -19.62107, 2 
data, 0, 2, 0.000, -19.62107, 2 
data, 0, 2, 0.000, -19.62107, 2 
data, 0, 2, 0.000, -19.62107, 2 
data, 0, 2, 0.000, -19.62107, 2 
data, 0, 2, 0.000, -19.62107, 2 
data, 0, 2, 0.000, -19.62107, 2 
data, 0, 2, 0.000, -19.62107, 2 
data, 0, 2, 0.000, -19.62107, 2 
data, 0, 2, 0.000, -19.62107, 2 
data, 0, 2, 0.000, -19.62107, 2 
data, 0, 2, 0.000, -19.62107, 2 
data, 0, 2, 0.000, -19.62107, 2 
data, 0, 2, 0.000, -19.62107, 2 
data, 0, 2, 0.000, -19.62107, 2 
data, 0, 2, 0.000, -19.62107, 2 
data, 0, 2, 0.000, -19.62107, 2 
data, 0, 2, 0.000, -19.62107, 2 
data, 0, 2, 0.000, -19.62107, 2 
data, 0, 2, 0.000, -19.62107, 2 
data, 0, 2, 0.000, -19.62107, 2 
data, 0, 2, 0.000, -19.62107, 2 
data, 0, 2, 0.000, -19.62107, 2 
data, 0, 2, 0.000, -19.62102, 2 
data, 0, 2, 0.000, -19.62102, 2 
data, 0, 2, 0.000, -19.62102, 2 
data, 0, 2, 0.000, -19.62102, 2 
data, 0, 2, 0.000, -19.62102, 2 
data, 0, 2, 0.000, -19.62102, 2 
data, 0, 2, 0.000, -19.62102, 2 
data, 0, 2, 0.000, -19.62102, 2 
data, 0, 2, 0.000, -19.62102, 2 
data, 0, 2, 0.000, -19.62102, 2 
data, 0, 2, 0.000, -19.62102, 2 
data, 0, 2, 0.000, -19.62102, 2 
data, 0, 2, 0.000, -19.62102, 2 
data, 0, 2, 0.000, -19.62102, 2 
data, 0, 2, 0.000, -19.62102, 2 
data, 0, 2, 0.000, -19.62102, 2 
data, 0, 2, 0.000, -19.62102, 2 
data, 0, 2, 0.000, -19.62102, 2 
data, 0, 2, 0.000, -19.62102, 2 
data, 0, 2, 0.000, -19.62102, 2 
data, 0, 2, 0.000, -19.62102, 2 
data, 0, 2, 0.000, -19.62102, 2 
data, 0, 2, 0.000, -19.62102, 2 
data, 0, 2, 0.000, -19.62102, 2 
data, 0, 2, 0.000, -19.62102, 2 
data, 0, 2, 0.000, -19.62102, 2 
data, 0, 2, 0.000, -19.62102, 2 
data, 0, 2, 0.000, -19.62102, 2 
data, 0, 2, 0.000, -19.62102, 2 
data, 0, 2, 0.000, -19.62102, 2 
data, 0, 2, 0.000, -19.62102, 2 
data, 0, 2, 0.000, -19.62102, 2 
data, 0, 2, 0.000, -19.62102, 2 
data, 0, 2, 0.000, -19.62095, 2 
data, 0, 2, 0.000, -19.62095, 2 
data, 0, 2, 0.000, -19.62095, 2 
data, 0, 2, 0.000, -19.62095, 2 
data, 0, 2, 0.000, -19.62095, 2 
data, 0, 2, 0.000, -19.62095, 2 
data, 0, 2, 0.000, -19.62095, 2 
data, 0, 2, 0.000, -19.62095, 2 
data, 0, 2, 0.000, -19.62095, 2 
data, 0, 2, 0.000, -19.62095, 2 
data, 0, 2, 0.000, -19.62095, 2 
data, 0, 2, 0.000, -19.62095, 2 
data, 0, 2, 0.000, -19.62095, 2 
data, 0, 2, 0.000, -19.62095, 2 
data, 0, 2, 0.000, -19.62095, 2 
data, 0, 2, 0.000, -19.62095, 2 
data, 0, 2, 0.000, -19.62095, 2 
data, 0, 2, 0.000, -19.62095, 2 
data, 0, 2, 0.000, -19.62095, 2 
data, 0, 2, 0.000, -19.62095, 2 
data, 0, 2, 0.000, -19.62095, 2 
data, 0, 2, 0.000, -19.62095, 2 
data, 0, 2, 0.000, -19.62095, 2 
data, 0, 2, 0.000, -19.62095, 2 
data, 0, 2, 0.000, -19.62095, 2 
data, 0, 2, 0.000, -19.62095, 2 
data, 0, 2, 0.000, -19.62095, 2 
data, 0, 2, 0.000, -19.62095, 2 
data, 0, 2, 0.000, -19.62095, 2 
data, 0, 2, 0.000, -19.62095, 2 
data, 0, 2, 0.000, -19.62095, 2 
data, 0, 2, 0.000, -19.62095, 2 
data, 0, 2, 0.000, -19.62095, 2 
data, 0, 2, 0.000, -19.62095, 2 
data, 0, 2, 0.000, -19.62091, 2 
data, 0, 2, 0.000, -19.62091, 2 
data, 0, 2, 0.000, -19.62091, 2 
data, 0, 2, 0.000, -19.62091, 2 
data, 0, 2, 0.000, -19.62091, 2 
data, 0, 2, 0.000, -19.62091, 2 
data, 0, 2, 0.000, -19.62091, 2 
data, 0, 2, 0.000, -19.62091, 2 
data, 0, 2, 0.000, -19.62091, 2 
data, 0, 2, 0.000, -19.62091, 2 
data, 0, 2, 0.000, -19.62091, 2 
data, 0, 2, 0.000, -19.62091, 2 
data, 0, 2, 0.000, -19.62091, 2 
data, 0, 2, 0.000, -19.62091, 2 
data, 0, 2, 0.000, -19.62091, 2 
data, 0, 2, 0.000, -19.62091, 2 
data, 0, 2, 0.000, -19.62091, 2 
data, 0, 2, 0.000, -19.62091, 2 
data, 0, 2, 0.000, -19.62091, 2 
data, 0, 2, 0.000, -19.62091, 2 
data, 0, 2, 0.000, -19.62091, 2 
data, 0, 2, 0.000, -19.62091, 2 
data, 0, 2, 0.000, -19.62091, 2 
data, 0, 2, 0.000, -19.62091, 2 
data, 0, 2, 0.000, -19.62091, 2 
data, 0, 2, 0.000, -19.62091, 2 
data, 0, 2, 0.000, -19.62091, 2 
data, 0, 2, 0.000, -19.62091, 2 
data, 0, 2, 0.000, -19.62091, 2 
data, 0, 2, 0.000, -19.62091, 2 
data, 0, 2, 0.000, -19.62091, 2 
data, 0, 2, 0.000, -19.62091, 2 
data, 0, 2, 0.000, -19.62091, 2 
data, 0, 2, 0.000, -19.62091, 2 
data, 0, 2, 0.000, -19.62088, 2 
data, 0, 2, 0.000, -19.62088, 2 
data, 0, 2, 0.000, -19.62088, 2 
data, 0, 2, 0.000, -19.62088, 2 
data, 0, 2, 0.000, -19.62088, 2 
data, 0, 2, 0.000, -19.62088, 2 
data, 0, 2, 0.000, -19.62088, 2 
data, 0, 2, 0.000, -19.62088, 2 
data, 0, 2, 0.000, -19.62088, 2 
data, 0, 2, 0.000, -19.62088, 2 
data, 0, 2, 0.000, -19.62088, 2 
data, 0, 2, 0.000, -19.62088, 2 
data, 0, 2, 0.000, -19.62088, 2 
data, 0, 2, 0.000, -19.62088, 2 
data, 0, 2, 0.000, -19.62088, 2 
data, 0, 2, 0.000, -19.62088, 2 
data, 0, 2, 0.000, -19.62088, 2 
data, 0, 2, 0.000, -19.62088, 2 
data, 0, 2, 0.000, -19.62088, 2 
data, 0, 2, 0.000, -19.62088, 2 
data, 0, 2, 0.000, -19.62088, 2 
data, 0, 2, 0.000, -19.62088, 2 
data, 0, 2, 0.000, -19.62088, 2 
data, 0, 2, 0.000, -19.62088, 2 
data, 0, 2, 0.000, -19.62088, 2 
data, 0, 2, 0.000, -19.62088, 2 
data, 0, 2, 0.000, -19.62088, 2 
data, 0, 2, 0.000, -19.62088, 2 
data, 0, 2, 0.000, -19.62088, 2 
data, 0, 2, 0.000, -19.62088, 2 
data, 0, 2, 0.000, -19.62088, 2 
data, 0, 2, 0.000, -19.62088, 2 
data, 0, 2, 0.000, -19.62088, 2 
data, 0, 2, 0.000, -19.62088, 2 
data, 0, 2, 0.000, -19.62092, 2 
data, 0, 2, 0.000, -19.62092, 2 
data, 0, 2, 0.000, -19.62092, 2 
data, 0, 2, 0.000, -19.62092, 2 
data, 0, 2, 0.000, -19.62092, 2 
data, 0, 2, 0.000, -19.62092, 2 
data, 0, 2, 0.000, -19.62092, 2 
data, 0, 2, 0.000, -19.62092, 2 
data, 0, 2, 0.000, -19.62092, 2 
data, 0, 2, 0.000, -19.62092, 2 
data, 0, 2, 0.000, -19.62092, 2 
data, 0, 2, 0.000, -19.62092, 2 
data, 0, 2, 0.000, -19.62092, 2 
data, 0, 2, 0.000, -19.62092, 2 
data, 0, 2, 0.000, -19.62092, 2 
data, 0, 2, 0.000, -19.62092, 2 
data, 0, 2, 0.000, -19.62092, 2 
data, 0, 2, 0.000, -19.62092, 2 
data, 0, 2, 0.000, -19.62092, 2 
data, 0, 2, 0.000, -19.62092, 2 
data, 0, 2, 0.000, -19.62092, 2 
data, 0, 2, 0.000, -19.62092, 2 
data, 0, 2, 0.000, -19.62092, 2 
data, 0, 2, 0.000, -19.62092, 2 
data, 0, 2, 0.000, -19.62092, 2 
data, 0, 2, 0.000, -19.62092, 2 
data, 0, 2, 0.000, -19.62092, 2 
data, 0, 2, 0.000, -19.62092, 2 
data, 0, 2, 0.000, -19.62092, 2 
data, 0, 2, 0.000, -19.62092, 2 
data, 0, 2, 0.000, -19.62092, 2 
data, 0, 2, 0.000, -19.62092, 2 
data, 0, 2, 0.000, -19.62092, 2 
data, 0, 2, 0.000, -19.62092, 2 
data, 0, 2, 0.000, -19.62093, 2 
data, 0, 2, 0.000, -19.62093, 2 
data, 0, 2, 0.000, -19.62093, 2 
data, 0, 2, 0.000, -19.62093, 2 
data, 0, 2, 0.000, -19.62093, 2 
data, 0, 2, 0.000, -19.62093, 2 
data, 0, 2, 0.000, -19.62093, 2 
data, 0, 2, 0.000, -19.62093, 2 
data, 0, 2, 0.000, -19.62093, 2 
data, 0, 2, 0.000, -19.62093, 2 
data, 0, 2, 0.000, -19.62093, 2 
data, 0, 2, 0.000, -19.62093, 2 
data, 0, 2, 0.000, -19.62093, 2 
data, 0, 2, 0.000, -19.62093, 2 
data, 0, 2, 0.000, -19.62093, 2 
data, 0, 2, 0.000, -19.62093, 2 
data, 0, 2, 0.000, -19.62093, 2 
data, 0, 2, 0.000, -19.62093, 2 
data, 0, 2, 0.000, -19.62093, 2 
data, 0, 2, 0.000, -19.62093, 2 
data, 0, 2, 0.000, -19.62093, 2 
data, 0, 2, 0.000, -19.62093, 2 
data, 0, 2, 0.000, -19.62093, 2 
data, 0, 2, 0.000, -19.62093, 2 
data, 0, 2, 0.000, -19.62093, 2 
data, 0, 2, 0.000, -19.62093, 2 
data, 0, 2, 0.000, -19.62093, 2 
data, 0, 2, 0.000, -19.62093, 2 
data, 0, 2, 0.000, -19.62093, 2 
data, 0, 2, 0.000, -19.62093, 2 
data, 0, 2, 0.000, -19.62093, 2 
data, 0, 2, 0.000, -19.62093, 2 
data, 0, 2, 0.000, -19.62093, 2 
data, 0, 2, 0.000, -19.62093, 2 
data, 0, 2, 0.000, -19.62093, 2 
data, 0, 2, 0.000, -19.62093, 2 
data, 0, 2, 0.000, -19.62093, 2 
data, 0, 2, 0.000, -19.62093, 2 
data, 0, 2, 0.000, -19.62093, 2 
data, 0, 2, 0.000, -19.62093, 2 
data, 0, 2, 0.000, -19.62093, 2 
data, 0, 2, 0.000, -19.62093, 2 
data, 0, 2, 0.000, -19.62093, 2 
data, 0, 2, 0.000, -19.62093, 2 
data, 0, 2, 0.000, -19.62093, 2 
data, 0, 2, 0.000, -19.62093, 2 
data, 0, 2, 0.000, -19.62093, 2 
data, 0, 2, 0.000, -19.62093, 2 
data, 0, 2, 0.000, -19.62093, 2 
data, 0, 2, 0.000, -19.62093, 2 
data, 0, 2, 0.000, -19.62093, 2 
data, 0, 2, 0.000, -19.62093, 2 
data, 0, 2, 0.000, -19.62093, 2 
data, 0, 2, 0.000, -19.62093, 2 
data, 0, 2, 0.000, -19.62093, 2 
data, 0, 2, 0.000, -19.62093, 2 
data, 0, 2, 0.000, -19.62093, 2 
data, 0, 2, 0.000, -19.62093, 2 
data, 0, 2, 0.000, -19.62093, 2 
data, 0, 2, 0.000, -19.62093, 2 
data, 0, 2, 0.000, -19.62093, 2 
data, 0, 2, 0.000, -19.62093, 2 
data, 0, 2, 0.000, -19.62093, 2 
data, 0, 2, 0.000, -19.62093, 2 
data, 0, 2, 0.000, -19.62093, 2 
data, 0, 2, 0.000, -19.62093, 2 
data, 0, 2, 0.000, -19.62093, 2 
data, 0, 2, 0.000, -19.62101, 2 
data, 0, 2, 0.000, -19.62101, 2 
data, 0, 2, 0.000, -19.62101, 2 
data, 0, 2, 0.000, -19.62101, 2 
data, 0, 2, 0.000, -19.62101, 2 
data, 0, 2, 0.000, -19.62101, 2 
data, 0, 2, 0.000, -19.62101, 2 
data, 0, 2, 0.000, -19.62101, 2 
data, 0, 2, 0.000, -19.62101, 2 
data, 0, 2, 0.000, -19.62101, 2 
data, 0, 2, 0.000, -19.62101, 2 
data, 0, 2, 0.000, -19.62101, 2 
data, 0, 2, 0.000, -19.62101, 2 
data, 0, 2, 0.000, -19.62101, 2 
data, 0, 2, 0.000, -19.62101, 2 
data, 0, 2, 0.000, -19.62101, 2 
data, 0, 2, 0.000, -19.62101, 2 
data, 0, 2, 0.000, -19.62101, 2 
data, 0, 2, 0.000, -19.62101, 3 
data, 0, 2, 0.000, -19.62101, 3 
data, 0, 2, 0.000, -19.62101, 3 
data, 0, 2, 0.000, -19.62101, 3 
data, 0, 2, 0.000, -19.62101, 3 
data, 0, 2, 0.000, -19.62101, 3 
data, 0, 2, 0.000, -19.62101, 3 
data, 0, 2, 0.000, -19.62101, 3 
data, 0, 2, 0.000, -19.62101, 3 
data, 0, 2, 0.000, -19.62101, 3 
data, 0, 2, 0.000, -19.62101, 3 
data, 0, 2, 0.000, -19.62101, 3 
data, 0, 2, 0.000, -19.62101, 3 
data, 0, 2, 0.000, -19.62101, 3 
data, 0, 2, 0.000, -19.62101, 3 
data, 0, 2, 0.000, -19.62101, 3 
data, 0, 2, 0.000, -19.62106, 3 
data, 0, 2, 0.000, -19.62106, 3 
data, 0, 2, 0.000, -19.62106, 3 
data, 0, 2, 0.000, -19.62106, 3 
data, 0, 2, 0.000, -19.62106, 3 
data, 0, 2, 0.000, -19.62106, 3 
data, 0, 2, 0.000, -19.62106, 3 
data, 0, 2, 0.000, -19.62106, 3 
data, 0, 2, 0.000, -19.62106, 3 
data, 0, 2, 0.000, -19.62106, 3 
data, 0, 2, 0.000, -19.62106, 3 
data, 0, 2, 0.000, -19.62106, 3 
data, 0, 2, 0.000, -19.62106, 3 
data, 0, 2, 0.000, -19.62106, 3 
data, 0, 2, 0.000, -19.62106, 3 
data, 0, 2, 0.000, -19.62106, 3 
data, 0, 2, 0.000, -19.62106, 3 
data, 0, 2, 0.000, -19.62106, 3 
data, 0, 2, 0.000, -19.62106, 3 
data, 0, 2, 0.000, -19.62106, 3 
data, 0, 2, 0.000, -19.62106, 3 
data, 0, 2, 0.000, -19.62106, 3 
data, 0, 2, 0.000, -19.62106, 3 
data, 0, 2, 0.000, -19.62106, 3 
data, 0, 2, 0.000, -19.62106, 3 
data, 0, 2, 0.000, -19.62106, 3 
data, 0, 2, 0.000, -19.62106, 3 
data, 0, 2, 0.000, -19.62106, 3 
data, 0, 2, 0.000, -19.62106, 3 
data, 0, 2, 0.000, -19.62106, 3 
data, 0, 2, 0.000, -19.62106, 3 
data, 0, 2, 0.000, -19.62106, 3 
data, 0, 2, 0.000, -19.62106, 3 
data, 0, 2, 0.000, -19.62106, 3 
data, 0, 2, 0.000, -19.62110, 3 
data, 0, 2, 0.000, -19.62110, 3 
data, 0, 2, 0.000, -19.62110, 3 
data, 0, 2, 0.000, -19.62110, 3 
data, 0, 2, 0.000, -19.62110, 3 
data, 0, 2, 0.000, -19.62110, 3 
data, 0, 2, 0.000, -19.62110, 3 
data, 0, 2, 0.000, -19.62110, 3 
data, 0, 2, 0.000, -19.62110, 3 
data, 0, 2, 0.000, -19.62110, 3 
data, 0, 2, 0.000, -19.62110, 3 
data, 0, 2, 0.000, -19.62110, 3 
data, 0, 2, 0.000, -19.62110, 3 
data, 0, 2, 0.000, -19.62110, 3 
data, 0, 2, 0.000, -19.62110, 3 
data, 0, 2, 0.000, -19.62110, 3 
data, 0, 2, 0.000, -19.62110, 3 
data, 0, 2, 0.000, -19.62110, 3 
data, 0, 2, 0.000, -19.62110, 3 
data, 0, 2, 0.000, -19.62110, 3 
data, 0, 2, 0.000, -19.62110, 3 
data, 0, 2, 0.000, -19.62110, 3 
data, 0, 2, 0.000, -19.62110, 3 
data, 0, 2, 0.000, -19.62110, 3 
data, 0, 2, 0.000, -19.62110, 3 
data, 0, 2, 0.000, -19.62110, 3 
data, 0, 2, 0.000, -19.62110, 3 
data, 0, 2, 0.000, -19.62110, 3 
data, 0, 2, 0.000, -19.62110, 3 
data, 0, 2, 0.000, -19.62110, 3 
data, 0, 2, 0.000, -19.62110, 3 
data, 0, 2, 0.000, -19.62110, 3 
data, 0, 2, 0.000, -19.62110, 3 
data, 0, 2, 0.000, -19.62110, 3 
data, 0, 2, 0.000, -19.62111, 3 
data, 0, 2, 0.000, -19.62111, 3 
data, 0, 2, 0.000, -19.62111, 3 
data, 0, 2, 0.000, -19.62111, 3 
data, 0, 2, 0.000, -19.62111, 3 
data, 0, 2, 0.000, -19.62111, 3 
data, 0, 2, 0.000, -19.62111, 3 
data, 0, 2, 0.000, -19.62111, 3 
data, 0, 2, 0.000, -19.62111, 3 
data, 0, 2, 0.000, -19.62111, 3 
data, 0, 2, 0.000, -19.62111, 3 
data, 0, 2, 0.000, -19.62111, 3 
data, 0, 2, 0.000, -19.62111, 3 
data, 0, 2, 0.000, -19.62111, 3 
data, 0, 2, 0.000, -19.62111, 3 
data, 0, 2, 0.000, -19.62111, 3 
data, 0, 2, 0.000, -19.62111, 3 
data, 0, 2, 0.000, -19.62111, 3 
data, 0, 2, 0.000, -19.62111, 3 
data, 0, 2, 0.000, -19.62111, 3 
data, 0, 2, 0.000, -19.62111, 3 
data, 0, 2, 0.000, -19.62111, 3 
data, 0, 2, 0.000, -19.62111, 3 
data, 0, 2, 0.000, -19.62111, 3 
data, 0, 2, 0.000, -19.62111, 3 
data, 0, 2, 0.000, -19.62111, 3 
data, 0, 2, 0.000, -19.62111, 3 
data, 0, 2, 0.000, -19.62111, 3 
data, 0, 2, 0.000, -19.62111, 3 
data, 0, 2, 0.000, -19.62111, 3 
data, 0, 2, 0.000, -19.62111, 3 
data, 0, 2, 0.000, -19.62111, 3 
data, 0, 2, 0.000, -19.62111, 3 
data, 0, 2, 0.000, -19.62111, 3 
data, 0, 2, 0.000, -19.62111, 3 
data, 0, 2, 0.000, -19.62111, 3 
data, 0, 2, 0.000, -19.62111, 3 
data, 0, 2, 0.000, -19.62111, 3 
data, 0, 2, 0.000, -19.62111, 3 
data, 0, 2, 0.000, -19.62111, 3 
data, 0, 2, 0.000, -19.62111, 3 
data, 0, 2, 0.000, -19.62111, 3 
data, 0, 2, 0.000, -19.62111, 3 
data, 0, 2, 0.000, -19.62111, 3 
data, 0, 2, 0.000, -19.62111, 3 
data, 0, 2, 0.000, -19.62111, 3 
data, 0, 2, 0.000, -19.62111, 3 
data, 0, 2, 0.000, -19.62111, 3 
data, 0, 2, 0.000, -19.62111, 3 
data, 0, 2, 0.000, -19.62111, 3 
data, 0, 2, 0.000, -19.62111, 3 
data, 0, 2, 0.000, -19.62111, 3 
data, 0, 2, 0.000, -19.62111, 3 
data, 0, 2, 0.000, -19.62111, 3 
data, 0, 2, 0.000, -19.62111, 3 
data, 0, 2, 0.000, -19.62111, 3 
data, 0, 2, 0.000, -19.62111, 3 
data, 0, 2, 0.000, -19.62111, 3 
data, 0, 2, 0.000, -19.62111, 3 
data, 0, 2, 0.000, -19.62111, 3 
data, 0, 2, 0.000, -19.62111, 3 
data, 0, 2, 0.000, -19.62111, 3 
data, 0, 2, 0.000, -19.62111, 3 
data, 0, 2, 0.000, -19.62111, 3 
data, 0, 2, 0.000, -19.62111, 3 
data, 0, 2, 0.000, -19.62111, 3 
data, 0, 2, 0.000, -19.62111, 3 
data, 0, 2, 0.000, -19.62111, 3 
data, 0, 2, 0.000, -19.62114, 3 
data, 0, 2, 0.000, -19.62114, 3 
data, 0, 2, 0.000, -19.62114, 3 
data, 0, 2, 0.000, -19.62114, 3 
data, 0, 2, 0.000, -19.62114, 3 
data, 0, 2, 0.000, -19.62114, 3 
data, 0, 2, 0.000, -19.62114, 3 
data, 0, 2, 0.000, -19.62114, 3 
data, 0, 2, 0.000, -19.62114, 3 
data, 0, 2, 0.000, -19.62114, 3 
data, 0, 2, 0.000, -19.62114, 3 
data, 0, 2, 0.000, -19.62114, 3 
data, 0, 2, 0.000, -19.62114, 3 
data, 0, 2, 0.000, -19.62114, 3 
data, 0, 2, 0.000, -19.62114, 3 
data, 0, 2, 0.000, -19.62114, 3 
data, 0, 2, 0.000, -19.62114, 3 
data, 0, 2, 0.000, -19.62114, 3 
data, 0, 2, 0.000, -19.62114, 3 
data, 0, 2, 0.000, -19.62114, 3 
data, 0, 2, 0.000, -19.62114, 3 
data, 0, 2, 0.000, -19.62114, 3 
data, 0, 2, 0.000, -19.62114, 3 
data, 0, 2, 0.000, -19.62114, 3 
data, 0, 2, 0.000, -19.62114, 3 
data, 0, 2, 0.000, -19.62114, 3 
data, 0, 2, 0.000, -19.62114, 3 
data, 0, 2, 0.000, -19.62114, 3 
data, 0, 2, 0.000, -19.62114, 3 
data, 0, 2, 0.000, -19.62114, 3 
data, 0, 2, 0.000, -19.62114, 3 
data, 0, 2, 0.000, -19.62114, 3 
data, 0, 2, 0.000, -19.62114, 3 
data, 0, 2, 0.000, -19.62108, 3 
data, 0, 2, 0.000, -19.62108, 3 
data, 0, 2, 0.000, -19.62108, 3 
data, 0, 2, 0.000, -19.62108, 3 
data, 0, 2, 0.000, -19.62108, 3 
data, 0, 2, 0.000, -19.62108, 3 
data, 0, 2, 0.000, -19.62108, 3 
data, 0, 2, 0.000, -19.62108, 3 
data, 0, 2, 0.000, -19.62108, 3 
data, 0, 2, 0.000, -19.62108, 3 
data, 0, 2, 0.000, -19.62108, 3 
data, 0, 2, 0.000, -19.62108, 3 
data, 0, 2, 0.000, -19.62108, 3 
data, 0, 2, 0.000, -19.62108, 3 
data, 0, 2, 0.000, -19.62108, 3 
data, 0, 2, 0.000, -19.62108, 3 
data, 0, 2, 0.000, -19.62108, 3 
data, 0, 2, 0.000, -19.62108, 3 
data, 0, 2, 0.000, -19.62108, 3 
data, 0, 2, 0.000, -19.62108, 3 
data, 0, 2, 0.000, -19.62108, 3 
data, 0, 2, 0.000, -19.62108, 3 
data, 0, 2, 0.000, -19.62108, 3 
data, 0, 2, 0.000, -19.62108, 3 
data, 0, 2, 0.000, -19.62108, 3 
data, 0, 2, 0.000, -19.62108, 3 
data, 0, 2, 0.000, -19.62108, 3 
data, 0, 2, 0.000, -19.62108, 3 
data, 0, 2, 0.000, -19.62108, 3 
data, 0, 2, 0.000, -19.62108, 3 
data, 0, 2, 0.000, -19.62108, 3 
data, 0, 2, 0.000, -19.62108, 3 
data, 0, 2, 0.000, -19.62108, 3 
data, 0, 2, 0.000, -19.62108, 3 
data, 0, 2, 0.000, -19.62107, 3 
data, 0, 2, 0.000, -19.62107, 3 
data, 0, 2, 0.000, -19.62107, 3 
data, 0, 2, 0.000, -19.62107, 3 
data, 0, 2, 0.000, -19.62107, 3 
data, 0, 2, 0.000, -19.62107, 3 
data, 0, 2, 0.000, -19.62107, 3 
data, 0, 2, 0.000, -19.62107, 3 
data, 0, 2, 0.000, -19.62107, 3 
data, 0, 2, 0.000, -19.62107, 3 
data, 0, 2, 0.000, -19.62107, 3 
data, 0, 2, 0.000, -19.62107, 3 
data, 0, 2, 0.000, -19.62107, 3 
data, 0, 2, 0.000, -19.62107, 3 
data, 0, 2, 0.000, -19.62107, 3 
data, 0, 2, 0.000, -19.62107, 3 
data, 0, 2, 0.000, -19.62107, 3 
data, 0, 2, 0.000, -19.62107, 3 
data, 0, 2, 0.000, -19.62107, 3 
data, 0, 2, 0.000, -19.62107, 3 
data, 0, 2, 0.000, -19.62107, 3 
data, 0, 2, 0.000, -19.62107, 3 
data, 0, 2, 0.000, -19.62107, 3 
data, 0, 2, 0.000, -19.62107, 3 
data, 0, 2, 0.000, -19.62107, 3 
data, 0, 2, 0.000, -19.62107, 3 
data, 0, 2, 0.000, -19.62107, 3 
data, 0, 2, 0.000, -19.62107, 3 
data, 0, 2, 0.000, -19.62107, 3 
data, 0, 2, 0.000, -19.62107, 3 
data, 0, 2, 0.000, -19.62107, 3 
data, 0, 2, 0.000, -19.62107, 3 
data, 0, 2, 0.000, -19.62107, 3 
data, 0, 2, 0.000, -19.62107, 3 
data, 0, 2, 0.000, -19.62107, 3 
data, 0, 2, 0.000, -19.62107, 3 
data, 0, 2, 0.000, -19.62107, 3 
data, 0, 2, 0.000, -19.62107, 3 
data, 0, 2, 0.000, -19.62107, 3 
data, 0, 2, 0.000, -19.62107, 3 
data, 0, 2, 0.000, -19.62107, 3 
data, 0, 2, 0.000, -19.62107, 3 
data, 0, 2, 0.000, -19.62107, 3 
data, 0, 2, 0.000, -19.62107, 3 
data, 0, 2, 0.000, -19.62107, 3 
data, 0, 2, 0.000, -19.62107, 3 
data, 0, 2, 0.000, -19.62107, 3 
data, 0, 2, 0.000, -19.62107, 3 
data, 0, 2, 0.000, -19.62107, 3 
data, 0, 2, 0.000, -19.62107, 3 
data, 0, 2, 0.000, -19.62107, 3 
data, 0, 2, 0.000, -19.62107, 3 
data, 0, 2, 0.000, -19.62107, 3 
data, 0, 2, 0.000, -19.62107, 3 
data, 0, 2, 0.000, -19.62107, 3 
data, 0, 2, 0.000, -19.62107, 3 
data, 0, 2, 0.000, -19.62107, 3 
data, 0, 2, 0.000, -19.62107, 3 
data, 0, 2, 0.000, -19.62107, 3 
data, 0, 2, 0.000, -19.62107, 3 
data, 0, 2, 0.000, -19.62107, 3 
data, 0, 2, 0.000, -19.62107, 3 
data, 0, 2, 0.000, -19.62107, 3 
data, 0, 2, 0.000, -19.62107, 3 
data, 0, 2, 0.000, -19.62107, 3 
data, 0, 2, 0.000, -19.62107, 3 
data, 0, 2, 0.000, -19.62107, 3 
data, 0, 2, 0.000, -19.62107, 3 
data, 0, 2, 0.000, -19.62104, 3 
data, 0, 2, 0.000, -19.62104, 3 
data, 0, 2, 0.000, -19.62104, 3 
data, 0, 2, 0.000, -19.62104, 3 
data, 0, 2, 0.000, -19.62104, 3 
data, 0, 2, 0.000, -19.62104, 3 
data, 0, 2, 0.000, -19.62104, 3 
data, 0, 2, 0.000, -19.62104, 3 
data, 0, 2, 0.000, -19.62104, 3 
data, 0, 2, 0.000, -19.62104, 3 
data, 0, 2, 0.000, -19.62104, 3 
data, 0, 2, 0.000, -19.62104, 3 
data, 0, 2, 0.000, -19.62104, 3 
data, 0, 2, 0.000, -19.62104, 3 
data, 0, 2, 0.000, -19.62104, 3 
data, 0, 2, 0.000, -19.62104, 3 
data, 0, 2, 0.000, -19.62104, 3 
data, 0, 2, 0.000, -19.62104, 3 
data, 0, 2, 0.000, -19.62104, 3 
data, 0, 2, 0.000, -19.62104, 3 
data, 0, 2, 0.000, -19.62104, 3 
data, 0, 2, 0.000, -19.62104, 3 
data, 0, 2, 0.000, -19.62104, 3 
data, 0, 2, 0.000, -19.62104, 3 
data, 0, 2, 0.000, -19.62104, 3 
data, 0, 2, 0.000, -19.62104, 3 
data, 0, 2, 0.000, -19.62104, 3 
data, 0, 2, 0.000, -19.62104, 3 
data, 0, 2, 0.000, -19.62104, 3 
data, 0, 2, 0.000, -19.62104, 3 
data, 0, 2, 0.000, -19.62104, 3 
data, 0, 2, 0.000, -19.62104, 3 
data, 0, 2, 0.000, -19.62104, 3 
data, 0, 2, 0.000, -19.62104, 3 
data, 0, 2, 0.000, -19.62108, 3 
data, 0, 2, 0.000, -19.62108, 3 
data, 0, 2, 0.000, -19.62108, 3 
data, 0, 2, 0.000, -19.62108, 3 
data, 0, 2, 0.000, -19.62108, 3 
data, 0, 2, 0.000, -19.62108, 3 
data, 0, 2, 0.000, -19.62108, 3 
data, 0, 2, 0.000, -19.62108, 3 
data, 0, 2, 0.000, -19.62108, 3 
data, 0, 2, 0.000, -19.62108, 3 
data, 0, 2, 0.000, -19.62108, 3 
data, 0, 2, 0.000, -19.62108, 3 
data, 0, 2, 0.000, -19.62108, 3 
data, 0, 2, 0.000, -19.62108, 3 
data, 0, 2, 0.000, -19.62108, 3 
data, 0, 2, 0.000, -19.62108, 3 
data, 0, 2, 0.000, -19.62108, 3 
data, 0, 2, 0.000, -19.62108, 4 
data, 0, 2, 0.000, -19.62108, 4 
data, 0, 2, 0.000, -19.62108, 4 
data, 0, 2, 0.000, -19.62108, 4 
data, 0, 2, 0.000, -19.62108, 4 
data, 0, 2, 0.000, -19.62108, 4 
data, 0, 2, 0.000, -19.62108, 4 
data, 0, 2, 0.000, -19.62108, 4 
data, 0, 2, 0.000, -19.62108, 4 
data, 0, 2, 0.000, -19.62108, 4 
data, 0, 2, 0.000, -19.62108, 4 
data, 0, 2, 0.000, -19.62108, 4 
data, 0, 2, 0.000, -19.62108, 4 
data, 0, 2, 0.000, -19.62108, 4 
data, 0, 2, 0.000, -19.62108, 4 
data, 0, 2, 0.000, -19.62108, 4 
data, 0, 2, 0.000, -19.62108, 4 
data, 0, 2, 0.000, -19.62115, 4 
data, 0, 2, 0.000, -19.62115, 4 
data, 0, 2, 0.000, -19.62115, 4 
data, 0, 2, 0.000, -19.62115, 4 
data, 0, 2, 0.000, -19.62115, 4 
data, 0, 2, 0.000, -19.62115, 4 
data, 0, 2, 0.000, -19.62115, 4 
data, 0, 2, 0.000, -19.62115, 4 
data, 0, 2, 0.000, -19.62115, 4 
data, 0, 2, 0.000, -19.62115, 4 
data, 0, 2, 0.000, -19.62115, 4 
data, 0, 2, 0.000, -19.62115, 4 
data, 0, 2, 0.000, -19.62115, 4 
data, 0, 2, 0.000, -19.62115, 4 
data, 0, 2, 0.000, -19.62115, 4 
data, 0, 2, 0.000, -19.62115, 4 
data, 0, 2, 0.000, -19.62115, 4 
data, 0, 2, 0.000, -19.62115, 4 
data, 0, 2, 0.000, -19.62115, 4 
data, 0, 2, 0.000, -19.62115, 4 
data, 0, 2, 0.000, -19.62115, 4 
data, 0, 2, 0.000, -19.62115, 4 
data, 0, 2, 0.000, -19.62115, 4 
data, 0, 2, 0.000, -19.62115, 4 
data, 0, 2, 0.000, -19.62115, 4 
data, 0, 2, 0.000, -19.62115, 4 
data, 0, 2, 0.000, -19.62115, 4 
data, 0, 2, 0.000, -19.62115, 4 
data, 0, 2, 0.000, -19.62115, 4 
data, 0, 2, 0.000, -19.62115, 4 
data, 0, 2, 0.000, -19.62115, 4 
data, 0, 2, 0.000, -19.62115, 4 
data, 0, 2, 0.000, -19.62115, 4 
data, 0, 2, 0.000, -19.62118, 4 
data, 0, 2, 0.000, -19.62118, 4 
data, 0, 2, 0.000, -19.62118, 4 
data, 0, 2, 0.000, -19.62118, 4 
data, 0, 2, 0.000, -19.62118, 4 
data, 0, 2, 0.000, -19.62118, 4 
data, 0, 2, 0.000, -19.62118, 4 
data, 0, 2, 0.000, -19.62118, 4 
data, 0, 2, 0.000, -19.62118, 4 
data, 0, 2, 0.000, -19.62118, 4 
data, 0, 2, 0.000, -19.62118, 4 
data, 0, 2, 0.000, -19.62118, 4 
data, 0, 2, 0.000, -19.62118, 4 
data, 0, 2, 0.000, -19.62118, 4 
data, 0, 2, 0.000, -19.62118, 4 
data, 0, 2, 0.000, -19.62118, 4 
data, 0, 2, 0.000, -19.62118, 4 
data, 0, 2, 0.000, -19.62118, 4 
data, 0, 2, 0.000, -19.62118, 4 
data, 0, 2, 0.000, -19.62118, 4 
data, 0, 2, 0.000, -19.62118, 4 
data, 0, 2, 0.000, -19.62118, 4 
data, 0, 2, 0.000, -19.62118, 4 
data, 0, 2, 0.000, -19.62118, 4 
data, 0, 2, 0.000, -19.62118, 4 
data, 0, 2, 0.000, -19.62118, 4 
data, 0, 2, 0.000, -19.62118, 4 
data, 0, 2, 0.000, -19.62118, 4 
data, 0, 2, 0.000, -19.62118, 4 
data, 0, 2, 0.000, -19.62118, 4 
data, 0, 2, 0.000, -19.62118, 4 
data, 0, 2, 0.000, -19.62118, 4 
data, 0, 2, 0.000, -19.62118, 4 
data, 0, 2, 0.000, -19.62118, 4 
data, 0, 2, 0.000, -19.62122, 4 
data, 0, 2, 0.000, -19.62122, 4 
data, 0, 2, 0.000, -19.62122, 4 
data, 0, 2, 0.000, -19.62122, 4 
data, 0, 2, 0.000, -19.62122, 4 
data, 0, 2, 0.000, -19.62122, 4 
data, 0, 2, 0.000, -19.62122, 4 
data, 0, 2, 0.000, -19.62122, 4 
data, 0, 2, 0.000, -19.62122, 4 
data, 0, 2, 0.000, -19.62122, 4 
data, 0, 2, 0.000, -19.62122, 4 
data, 0, 2, 0.000, -19.62122, 4 
data, 0, 2, 0.000, -19.62122, 4 
data, 0, 2, 0.000, -19.62122, 4 
data, 0, 2, 0.000, -19.62122, 4 
data, 0, 2, 0.000, -19.62122, 4 
data, 0, 2, 0.000, -19.62122, 4 
data, 0, 2, 0.000, -19.62122, 4 
data, 0, 2, 0.000, -19.62122, 4 
data, 0, 2, 0.000, -19.62122, 4 
data, 0, 2, 0.000, -19.62122, 4 
data, 0, 2, 0.000, -19.62122, 4 
data, 0, 2, 0.000, -19.62122, 4 
data, 0, 2, 0.000, -19.62122, 4 
data, 0, 2, 0.000, -19.62122, 4 
data, 0, 2, 0.000, -19.62122, 4 
data, 0, 2, 0.000, -19.62122, 4 
data, 0, 2, 0.000, -19.62122, 4 
data, 0, 2, 0.000, -19.62122, 4 
data, 0, 2, 0.000, -19.62122, 4 
data, 0, 2, 0.000, -19.62122, 4 
data, 0, 2, 0.000, -19.62122, 4 
data, 0, 2, 0.000, -19.62122, 4 
data, 0, 2, 0.000, -19.62122, 4 
data, 0, 2, 0.000, -19.62133, 4 
data, 0, 2, 0.000, -19.62133, 4 
data, 0, 2, 0.000, -19.62133, 4 
data, 0, 2, 0.000, -19.62133, 4 
data, 0, 2, 0.000, -19.62133, 4 
data, 0, 2, 0.000, -19.62133, 4 
data, 0, 2, 0.000, -19.62133, 4 
data, 0, 2, 0.000, -19.62133, 4 
data, 0, 2, 0.000, -19.62133, 4 
data, 0, 2, 0.000, -19.62133, 4 
data, 0, 2, 0.000, -19.62133, 4 
data, 0, 2, 0.000, -19.62133, 4 
data, 0, 2, 0.000, -19.62133, 4 
data, 0, 2, 0.000, -19.62133, 4 
data, 0, 2, 0.000, -19.62133, 4 
data, 0, 2, 0.000, -19.62133, 4 
data, 0, 2, 0.000, -19.62133, 4 
data, 0, 2, 0.000, -19.62133, 4 
data, 0, 2, 0.000, -19.62133, 4 
data, 0, 2, 0.000, -19.62133, 4 
data, 0, 2, 0.000, -19.62133, 4 
data, 0, 2, 0.000, -19.62133, 4 
data, 0, 2, 0.000, -19.62133, 4 
data, 0, 2, 0.000, -19.62133, 4 
data, 0, 2, 0.000, -19.62133, 4 
data, 0, 2, 0.000, -19.62133, 4 
data, 0, 2, 0.000, -19.62133, 4 
data, 0, 2, 0.000, -19.62133, 4 
data, 0, 2, 0.000, -19.62133, 4 
data, 0, 2, 0.000, -19.62133, 4 
data, 0, 2, 0.000, -19.62133, 4 
data, 0, 2, 0.000, -19.62133, 4 
data, 0, 2, 0.000, -19.62133, 4 
data, 0, 2, 0.000, -19.62133, 4 
data, 0, 2, 0.000, -19.62144, 4 
data, 0, 2, 0.000, -19.62144, 4 
data, 0, 2, 0.000, -19.62144, 4 
data, 0, 2, 0.000, -19.62144, 4 
data, 0, 2, 0.000, -19.62144, 4 
data, 0, 2, 0.000, -19.62144, 4 
data, 0, 2, 0.000, -19.62144, 4 
data, 0, 2, 0.000, -19.62144, 4 
data, 0, 2, 0.000, -19.62144, 4 
data, 0, 2, 0.000, -19.62144, 4 
data, 0, 2, 0.000, -19.62144, 4 
data, 0, 2, 0.000, -19.62144, 4 
data, 0, 2, 0.000, -19.62144, 4 
data, 0, 2, 0.000, -19.62144, 4 
data, 0, 2, 0.000, -19.62144, 4 
data, 0, 2, 0.000, -19.62144, 4 
data, 0, 2, 0.000, -19.62144, 4 
data, 0, 2, 0.000, -19.62144, 4 
data, 0, 2, 0.000, -19.62144, 4 
data, 0, 2, 0.000, -19.62144, 4 
data, 0, 2, 0.000, -19.62144, 4 
data, 0, 2, 0.000, -19.62144, 4 
data, 0, 2, 0.000, -19.62144, 4 
data, 0, 2, 0.000, -19.62144, 4 
data, 0, 2, 0.000, -19.62144, 4 
data, 0, 2, 0.000, -19.62144, 4 
data, 0, 2, 0.000, -19.62144, 4 
data, 0, 2, 0.000, -19.62144, 4 
data, 0, 2, 0.000, -19.62144, 4 
data, 0, 2, 0.000, -19.62144, 4 
data, 0, 2, 0.000, -19.62144, 4 
data, 0, 2, 0.000, -19.62144, 4 
data, 0, 2, 0.000, -19.62144, 4 
data, 0, 2, 0.000, -19.62144, 4 
data, 0, 2, 0.000, -19.62152, 4 
data, 0, 2, 0.000, -19.62152, 4 
data, 0, 2, 0.000, -19.62152, 4 
data, 0, 2, 0.000, -19.62152, 4 
data, 0, 2, 0.000, -19.62152, 4 
data, 0, 2, 0.000, -19.62152, 4 
data, 0, 2, 0.000, -19.62152, 4 
data, 0, 2, 0.000, -19.62152, 4 
data, 0, 2, 0.000, -19.62152, 4 
data, 0, 2, 0.000, -19.62152, 4 
data, 0, 2, 0.000, -19.62152, 4 
data, 0, 2, 0.000, -19.62152, 4 
data, 0, 2, 0.000, -19.62152, 4 
data, 0, 2, 0.000, -19.62152, 4 
data, 0, 2, 0.000, -19.62152, 4 
data, 0, 2, 0.000, -19.62152, 4 
data, 0, 2, 0.000, -19.62152, 4 
data, 0, 2, 0.000, -19.62152, 4 
data, 0, 2, 0.000, -19.62152, 4 
data, 0, 2, 0.000, -19.62152, 4 
data, 0, 2, 0.000, -19.62152, 4 
data, 0, 2, 0.000, -19.62152, 4 
data, 0, 2, 0.000, -19.62152, 4 
data, 0, 2, 0.000, -19.62152, 4 
data, 0, 2, 0.000, -19.62152, 4 
data, 0, 2, 0.000, -19.62152, 4 
data, 0, 2, 0.000, -19.62152, 4 
data, 0, 2, 0.000, -19.62152, 4 
data, 0, 2, 0.000, -19.62152, 4 
data, 0, 2, 0.000, -19.62152, 4 
data, 0, 2, 0.000, -19.62152, 4 
data, 0, 2, 0.000, -19.62152, 4 
data, 0, 2, 0.000, -19.62152, 4 
data, 0, 2, 0.000, -19.62152, 4 
data, 0, 2, 0.000, -19.62152, 4 
data, 0, 2, 0.000, -19.62152, 4 
data, 0, 2, 0.000, -19.62152, 4 
data, 0, 2, 0.000, -19.62152, 4 
data, 0, 2, 0.000, -19.62152, 4 
data, 0, 2, 0.000, -19.62152, 4 
data, 0, 2, 0.000, -19.62152, 4 
data, 0, 2, 0.000, -19.62152, 4 
data, 0, 2, 0.000, -19.62152, 4 
data, 0, 2, 0.000, -19.62152, 4 
data, 0, 2, 0.000, -19.62152, 4 
data, 0, 2, 0.000, -19.62152, 4 
data, 0, 2, 0.000, -19.62152, 4 
data, 0, 2, 0.000, -19.62152, 4 
data, 0, 2, 0.000, -19.62152, 4 
data, 0, 2, 0.000, -19.62152, 4 
data, 0, 2, 0.000, -19.62152, 4 
data, 0, 2, 0.000, -19.62152, 4 
data, 0, 2, 0.000, -19.62152, 4 
data, 0, 2, 0.000, -19.62152, 4 
data, 0, 2, 0.000, -19.62152, 4 
data, 0, 2, 0.000, -19.62152, 4 
data, 0, 2, 0.000, -19.62152, 4 
data, 0, 2, 0.000, -19.62152, 4 
data, 0, 2, 0.000, -19.62152, 4 
data, 0, 2, 0.000, -19.62152, 4 
data, 0, 2, 0.000, -19.62152, 4 
data, 0, 2, 0.000, -19.62152, 4 
data, 0, 2, 0.000, -19.62152, 4 
data, 0, 2, 0.000, -19.62152, 4 
data, 0, 2, 0.000, -19.62152, 4 
data, 0, 2, 0.000, -19.62152, 4 
data, 0, 2, 0.000, -19.62152, 4 
data, 0, 2, 0.000, -19.62162, 4 
data, 0, 2, 0.000, -19.62162, 4 
data, 0, 2, 0.000, -19.62162, 4 
data, 0, 2, 0.000, -19.62162, 4 
data, 0, 2, 0.000, -19.62162, 4 
data, 0, 2, 0.000, -19.62162, 4 
data, 0, 2, 0.000, -19.62162, 4 
data, 0, 2, 0.000, -19.62162, 4 
data, 0, 2, 0.000, -19.62162, 4 
data, 0, 2, 0.000, -19.62162, 4 
data, 0, 2, 0.000, -19.62162, 4 
data, 0, 2, 0.000, -19.62162, 4 
data, 0, 2, 0.000, -19.62162, 4 
data, 0, 2, 0.000, -19.62162, 4 
data, 0, 2, 0.000, -19.62162, 4 
data, 0, 2, 0.000, -19.62162, 4 
data, 0, 2, 0.000, -19.62162, 4 
data, 0, 2, 0.000, -19.62162, 4 
data, 0, 2, 0.000, -19.62162, 4 
data, 0, 2, 0.000, -19.62162, 4 
data, 0, 2, 0.000, -19.62162, 4 
data, 0, 2, 0.000, -19.62162, 4 
data, 0, 2, 0.000, -19.62162, 4 
data, 0, 2, 0.000, -19.62162, 4 
data, 0, 2, 0.000, -19.62162, 4 
data, 0, 2, 0.000, -19.62162, 4 
data, 0, 2, 0.000, -19.62162, 4 
data, 0, 2, 0.000, -19.62162, 4 
data, 0, 2, 0.000, -19.62162, 4 
data, 0, 2, 0.000, -19.62162, 4 
data, 0, 2, 0.000, -19.62162, 4 
data, 0, 2, 0.000, -19.62162, 4 
data, 0, 2, 0.000, -19.62162, 4 
data, 0, 2, 0.000, -19.62162, 4 
data, 0, 2, 0.000, -19.62160, 4 
data, 0, 2, 0.000, -19.62160, 4 
data, 0, 2, 0.000, -19.62160, 4 
data, 0, 2, 0.000, -19.62160, 4 
data, 0, 2, 0.000, -19.62160, 4 
data, 0, 2, 0.000, -19.62160, 4 
data, 0, 2, 0.000, -19.62160, 4 
data, 0, 2, 0.000, -19.62160, 4 
data, 0, 2, 0.000, -19.62160, 4 
data, 0, 2, 0.000, -19.62160, 4 
data, 0, 2, 0.000, -19.62160, 4 
data, 0, 2, 0.000, -19.62160, 4 
data, 0, 2, 0.000, -19.62160, 4 
data, 0, 2, 0.000, -19.62160, 4 
data, 0, 2, 0.000, -19.62160, 4 
data, 0, 2, 0.000, -19.62160, 4 
data, 0, 2, 0.000, -19.62160, 4 
data, 0, 2, 0.000, -19.62160, 4 
data, 0, 2, 0.000, -19.62160, 4 
data, 0, 2, 0.000, -19.62160, 4 
data, 0, 2, 0.000, -19.62160, 4 
data, 0, 2, 0.000, -19.62160, 4 
data, 0, 2, 0.000, -19.62160, 4 
data, 0, 2, 0.000, -19.62160, 4 
data, 0, 2, 0.000, -19.62160, 4 
data, 0, 2, 0.000, -19.62160, 4 
data, 0, 2, 0.000, -19.62160, 4 
data, 0, 2, 0.000, -19.62160, 4 
data, 0, 2, 0.000, -19.62160, 4 
data, 0, 2, 0.000, -19.62160, 4 
data, 0, 2, 0.000, -19.62160, 4 
data, 0, 2, 0.000, -19.62160, 4 
data, 0, 2, 0.000, -19.62160, 4 
data, 0, 2, 0.000, -19.62160, 4 
data, 0, 2, 0.000, -19.62160, 4 
data, 0, 2, 0.000, -19.62160, 4 
data, 0, 2, 0.000, -19.62160, 4 
data, 0, 2, 0.000, -19.62160, 4 
data, 0, 2, 0.000, -19.62160, 4 
data, 0, 2, 0.000, -19.62160, 4 
data, 0, 2, 0.000, -19.62160, 4 
data, 0, 2, 0.000, -19.62160, 4 
data, 0, 2, 0.000, -19.62160, 4 
data, 0, 2, 0.000, -19.62160, 4 
data, 0, 2, 0.000, -19.62160, 4 
data, 0, 2, 0.000, -19.62160, 4 
data, 0, 2, 0.000, -19.62160, 4 
data, 0, 2, 0.000, -19.62160, 4 
data, 0, 2, 0.000, -19.62160, 4 
data, 0, 2, 0.000, -19.62160, 4 
data, 0, 2, 0.000, -19.62160, 4 
data, 0, 2, 0.000, -19.62160, 4 
data, 0, 2, 0.000, -19.62160, 5 
data, 0, 2, 0.000, -19.62160, 5 
data, 0, 2, 0.000, -19.62160, 5 
data, 0, 2, 0.000, -19.62160, 5 
data, 0, 2, 0.000, -19.62160, 5 
data, 0, 2, 0.000, -19.62160, 5 
data, 0, 2, 0.000, -19.62160, 5 
data, 0, 2, 0.000, -19.62160, 5 
data, 0, 2, 0.000, -19.62160, 5 
data, 0, 2, 0.000, -19.62160, 5 
data, 0, 2, 0.000, -19.62160, 5 
data, 0, 2, 0.000, -19.62160, 5 
data, 0, 2, 0.000, -19.62160, 5 
data, 0, 2, 0.000, -19.62160, 5 
data, 0, 2, 0.000, -19.62160, 5 
data, 0, 2, 0.000, -19.62160, 5 
data, 0, 2, 0.000, -19.62152, 5 
data, 0, 2, 0.000, -19.62152, 5 
data, 0, 2, 0.000, -19.62152, 5 
data, 0, 2, 0.000, -19.62152, 5 
data, 0, 2, 0.000, -19.62152, 5 
data, 0, 2, 0.000, -19.62152, 5 
data, 0, 2, 0.000, -19.62152, 5 
data, 0, 2, 0.000, -19.62152, 5 
data, 0, 2, 0.000, -19.62152, 5 
data, 0, 2, 0.000, -19.62152, 5 
data, 0, 2, 0.000, -19.62152, 5 
data, 0, 2, 0.000, -19.62152, 5 
data, 0, 2, 0.000, -19.62152, 5 
data, 0, 2, 0.000, -19.62152, 5 
data, 0, 2, 0.000, -19.62152, 5 
data, 0, 2, 0.000, -19.62152, 5 
data, 0, 2, 0.000, -19.62152, 5 
data, 0, 2, 0.000, -19.62152, 5 
data, 0, 2, 0.000, -19.62152, 5 
data, 0, 2, 0.000, -19.62152, 5 
data, 0, 2, 0.000, -19.62152, 5 
data, 0, 2, 0.000, -19.62152, 5 
data, 0, 2, 0.000, -19.62152, 5 
data, 0, 2, 0.000, -19.62152, 5 
data, 0, 2, 0.000, -19.62152, 5 
data, 0, 2, 0.000, -19.62152, 5 
data, 0, 2, 0.000, -19.62152, 5 
data, 0, 2, 0.000, -19.62152, 5 
data, 0, 2, 0.000, -19.62152, 5 
data, 0, 2, 0.000, -19.62152, 5 
data, 0, 2, 0.000, -19.62152, 5 
data, 0, 2, 0.000, -19.62152, 5 
data, 0, 2, 0.000, -19.62152, 5 
data, 0, 2, 0.000, -19.62152, 5 
data, 0, 2, 0.000, -19.62152, 5 
data, 0, 2, 0.000, -19.62152, 5 
data, 0, 2, 0.000, -19.62152, 5 
data, 0, 2, 0.000, -19.62152, 5 
data, 0, 2, 0.000, -19.62152, 5 
data, 0, 2, 0.000, -19.62152, 5 
data, 0, 2, 0.000, -19.62152, 5 
data, 0, 2, 0.000, -19.62152, 5 
data, 0, 2, 0.000, -19.62152, 5 
data, 0, 2, 0.000, -19.62152, 5 
data, 0, 2, 0.000, -19.62152, 5 
data, 0, 2, 0.000, -19.62152, 5 
data, 0, 2, 0.000, -19.62152, 5 
data, 0, 2, 0.000, -19.62152, 5 
data, 0, 2, 0.000, -19.62152, 5 
data, 0, 2, 0.000, -19.62152, 5 
data, 0, 2, 0.000, -19.62152, 5 
data, 0, 2, 0.000, -19.62152, 5 
data, 0, 2, 0.000, -19.62152, 5 
data, 0, 2, 0.000, -19.62152, 5 
data, 0, 2, 0.000, -19.62152, 5 
data, 0, 2, 0.000, -19.62152, 5 
data, 0, 2, 0.000, -19.62152, 5 
data, 0, 2, 0.000, -19.62152, 5 
data, 0, 2, 0.000, -19.62152, 5 
data, 0, 2, 0.000, -19.62152, 5 
data, 0, 2, 0.000, -19.62152, 5 
data, 0, 2, 0.000, -19.62152, 5 
data, 0, 2, 0.000, -19.62152, 5 
data, 0, 2, 0.000, -19.62152, 5 
data, 0, 2, 0.000, -19.62152, 5 
data, 0, 2, 0.000, -19.62152, 5 
data, 0, 2, 0.000, -19.62152, 5 
data, 0, 2, 0.000, -19.62152, 5 
data, 0, 2, 0.000, -19.62152, 5 
data, 0, 2, 0.000, -19.62152, 5 
data, 0, 2, 0.000, -19.62152, 5 
data, 0, 2, 0.000, -19.62152, 5 
data, 0, 2, 0.000, -19.62152, 5 
data, 0, 2, 0.000, -19.62152, 5 
data, 0, 2, 0.000, -19.62152, 5 
data, 0, 2, 0.000, -19.62152, 5 
data, 0, 2, 0.000, -19.62152, 5 
data, 0, 2, 0.000, -19.62152, 5 
data, 0, 2, 0.000, -19.62152, 5 
data, 0, 2, 0.000, -19.62152, 5 
data, 0, 2, 0.000, -19.62152, 5 
data, 0, 2, 0.000, -19.62152, 5 
data, 0, 2, 0.000, -19.62152, 5 
data, 0, 2, 0.000, -19.62152, 5 
data, 0, 2, 0.000, -19.62152, 5 
data, 0, 2, 0.000, -19.62152, 5 
data, 0, 2, 0.000, -19.62152, 5 
data, 0, 2, 0.000, -19.62152, 5 
data, 0, 2, 0.000, -19.62152, 5 
data, 0, 2, 0.000, -19.62152, 5 
data, 0, 2, 0.000, -19.62152, 5 
data, 0, 2, 0.000, -19.62152, 5 
data, 0, 2, 0.000, -19.62152, 5 
data, 0, 2, 0.000, -19.62152, 5 
data, 0, 2, 0.000, -19.62152, 5 
data, 0, 2, 0.000, -19.62152, 5 
data, 0, 2, 0.000, -19.62152, 5 
data, 0, 2, 0.000, -19.62152, 5 
data, 0, 2, 0.000, -19.62152, 5 
data, 0, 2, 0.000, -19.62152, 5 
data, 0, 2, 0.000, -19.62152, 5 
data, 0, 2, 0.000, -19.62149, 5 
data, 0, 2, 0.000, -19.62149, 5 
data, 0, 2, 0.000, -19.62149, 5 
data, 0, 2, 0.000, -19.62149, 5 
data, 0, 2, 0.000, -19.62149, 5 
data, 0, 2, 0.000, -19.62149, 5 
data, 0, 2, 0.000, -19.62149, 5 
data, 0, 2, 0.000, -19.62149, 5 
data, 0, 2, 0.000, -19.62149, 5 
data, 0, 2, 0.000, -19.62149, 5 
data, 0, 2, 0.000, -19.62149, 5 
data, 0, 2, 0.000, -19.62149, 5 
data, 0, 2, 0.000, -19.62149, 5 
data, 0, 2, 0.000, -19.62149, 5 
data, 0, 2, 0.000, -19.62149, 5 
data, 0, 2, 0.000, -19.62149, 5 
data, 0, 2, 0.000, -19.62149, 5 
data, 0, 2, 0.000, -19.62149, 5 
data, 0, 2, 0.000, -19.62149, 5 
data, 0, 2, 0.000, -19.62149, 5 
data, 0, 2, 0.000, -19.62149, 5 
data, 0, 2, 0.000, -19.62149, 5 
data, 0, 2, 0.000, -19.62149, 5 
data, 0, 2, 0.000, -19.62149, 5 
data, 0, 2, 0.000, -19.62149, 5 
data, 0, 2, 0.000, -19.62149, 5 
data, 0, 2, 0.000, -19.62149, 5 
data, 0, 2, 0.000, -19.62149, 5 
data, 0, 2, 0.000, -19.62149, 5 
data, 0, 2, 0.000, -19.62149, 5 
data, 0, 2, 0.000, -19.62149, 5 
data, 0, 2, 0.000, -19.62149, 5 
data, 0, 2, 0.000, -19.62149, 5 
data, 0, 2, 0.000, -19.62149, 5 
data, 0, 2, 0.000, -19.62147, 5 
data, 0, 2, 0.000, -19.62147, 5 
data, 0, 2, 0.000, -19.62147, 5 
data, 0, 2, 0.000, -19.62147, 5 
data, 0, 2, 0.000, -19.62147, 5 
data, 0, 2, 0.000, -19.62147, 5 
data, 0, 2, 0.000, -19.62147, 5 
data, 0, 2, 0.000, -19.62147, 5 
data, 0, 2, 0.000, -19.62147, 5 
data, 0, 2, 0.000, -19.62147, 5 
data, 0, 2, 0.000, -19.62147, 5 
data, 0, 2, 0.000, -19.62147, 5 
data, 0, 2, 0.000, -19.62147, 5 
data, 0, 2, 0.000, -19.62147, 5 
data, 0, 2, 0.000, -19.62147, 5 
data, 0, 2, 0.000, -19.62147, 5 
data, 0, 2, 0.000, -19.62147, 5 
data, 0, 2, 0.000, -19.62147, 5 
data, 0, 2, 0.000, -19.62147, 5 
data, 0, 2, 0.000, -19.62147, 5 
data, 0, 2, 0.000, -19.62147, 5 
data, 0, 2, 0.000, -19.62147, 5 
data, 0, 2, 0.000, -19.62147, 5 
data, 0, 2, 0.000, -19.62147, 5 
data, 0, 2, 0.000, -19.62147, 5 
data, 0, 2, 0.000, -19.62147, 5 
data, 0, 2, 0.000, -19.62147, 5 
data, 0, 2, 0.000, -19.62147, 5 
data, 0, 2, 0.000, -19.62147, 5 
data, 0, 2, 0.000, -19.62147, 5 
data, 0, 2, 0.000, -19.62147, 5 
data, 0, 2, 0.000, -19.62147, 5 
data, 0, 2, 0.000, -19.62147, 5 
data, 0, 2, 0.000, -19.62147, 5 
data, 0, 2, 0.000, -19.62151, 5 
data, 0, 2, 0.000, -19.62151, 5 
data, 0, 2, 0.000, -19.62151, 5 
data, 0, 2, 0.000, -19.62151, 5 
data, 0, 2, 0.000, -19.62151, 5 
data, 0, 2, 0.000, -19.62151, 5 
data, 0, 2, 0.000, -19.62151, 5 
data, 0, 2, 0.000, -19.62151, 5 
data, 0, 2, 0.000, -19.62151, 5 
data, 0, 2, 0.000, -19.62151, 5 
data, 0, 2, 0.000, -19.62151, 5 
data, 0, 2, 0.000, -19.62151, 5 
data, 0, 2, 0.000, -19.62151, 5 
data, 0, 2, 0.000, -19.62151, 5 
data, 0, 2, 0.000, -19.62151, 5 
data, 0, 2, 0.000, -19.62151, 5 
data, 0, 2, 0.000, -19.62151, 5 
data, 0, 2, 0.000, -19.62151, 5 
data, 0, 2, 0.000, -19.62151, 5 
data, 0, 2, 0.000, -19.62151, 5 
data, 0, 2, 0.000, -19.62151, 5 
data, 0, 2, 0.000, -19.62151, 5 
data, 0, 2, 0.000, -19.62151, 5 
data, 0, 2, 0.000, -19.62151, 5 
data, 0, 2, 0.000, -19.62151, 5 
data, 0, 2, 0.000, -19.62151, 5 
data, 0, 2, 0.000, -19.62151, 5 
data, 0, 2, 0.000, -19.62151, 5 
data, 0, 2, 0.000, -19.62151, 5 
data, 0, 2, 0.000, -19.62151, 5 
data, 0, 2, 0.000, -19.62151, 5 
data, 0, 2, 0.000, -19.62151, 5 
data, 0, 2, 0.000, -19.62151, 5 
data, 0, 2, 0.000, -19.62151, 5 
data, 0, 2, 0.000, -19.62157, 5 
data, 0, 2, 0.000, -19.62157, 5 
data, 0, 2, 0.000, -19.62157, 5 
data, 0, 2, 0.000, -19.62157, 5 
data, 0, 2, 0.000, -19.62157, 5 
data, 0, 2, 0.000, -19.62157, 5 
data, 0, 2, 0.000, -19.62157, 5 
data, 0, 2, 0.000, -19.62157, 5 
data, 0, 2, 0.000, -19.62157, 5 
data, 0, 2, 0.000, -19.62157, 5 
data, 0, 2, 0.000, -19.62157, 5 
data, 0, 2, 0.000, -19.62157, 5 
data, 0, 2, 0.000, -19.62157, 5 
data, 0, 2, 0.000, -19.62157, 5 
data, 0, 2, 0.000, -19.62157, 5 
data, 0, 2, 0.000, -19.62157, 5 
data, 0, 2, 0.000, -19.62157, 5 
data, 0, 2, 0.000, -19.62157, 5 
data, 0, 2, 0.000, -19.62157, 5 
data, 0, 2, 0.000, -19.62157, 5 
data, 0, 2, 0.000, -19.62157, 5 
data, 0, 2, 0.000, -19.62157, 5 
data, 0, 2, 0.000, -19.62157, 5 
data, 0, 2, 0.000, -19.62157, 5 
data, 0, 2, 0.000, -19.62157, 5 
data, 0, 2, 0.000, -19.62157, 5 
data, 0, 2, 0.000, -19.62157, 5 
data, 0, 2, 0.000, -19.62157, 5 
data, 0, 2, 0.000, -19.62157, 5 
data, 0, 2, 0.000, -19.62157, 5 
data, 0, 2, 0.000, -19.62157, 5 
data, 0, 2, 0.000, -19.62157, 5 
data, 0, 2, 0.000, -19.62157, 5 
data, 0, 2, 0.000, -19.62157, 5 
data, 0, 2, 0.000, -19.62157, 5 
data, 0, 2, 0.000, -19.62157, 5 
data, 0, 2, 0.000, -19.62157, 5 
data, 0, 2, 0.000, -19.62157, 5 
data, 0, 2, 0.000, -19.62157, 5 
data, 0, 2, 0.000, -19.62157, 5 
data, 0, 2, 0.000, -19.62157, 5 
data, 0, 2, 0.000, -19.62157, 5 
data, 0, 2, 0.000, -19.62157, 5 
data, 0, 2, 0.000, -19.62157, 5 
data, 0, 2, 0.000, -19.62157, 5 
data, 0, 2, 0.000, -19.62157, 5 
data, 0, 2, 0.000, -19.62157, 5 
data, 0, 2, 0.000, -19.62157, 5 
data, 0, 2, 0.000, -19.62157, 5 
data, 0, 2, 0.000, -19.62157, 5 
data, 0, 2, 0.000, -19.62157, 5 
data, 0, 2, 0.000, -19.62157, 5 
data, 0, 2, 0.000, -19.62157, 5 
data, 0, 2, 0.000, -19.62157, 5 
data, 0, 2, 0.000, -19.62157, 5 
data, 0, 2, 0.000, -19.62157, 5 
data, 0, 2, 0.000, -19.62157, 5 
data, 0, 2, 0.000, -19.62157, 5 
data, 0, 2, 0.000, -19.62157, 5 
data, 0, 2, 0.000, -19.62157, 5 
data, 0, 2, 0.000, -19.62157, 5 
data, 0, 2, 0.000, -19.62157, 5 
data, 0, 2, 0.000, -19.62157, 5 
data, 0, 2, 0.000, -19.62157, 5 
data, 0, 2, 0.000, -19.62157, 5 
data, 0, 2, 0.000, -19.62157, 5 
data, 0, 2, 0.000, -19.62157, 5 
data, 0, 2, 0.000, -19.62157, 5 
data, 0, 2, 0.000, -19.62163, 5 
data, 0, 2, 0.000, -19.62163, 5 
data, 0, 2, 0.000, -19.62163, 5 
data, 0, 2, 0.000, -19.62163, 5 
data, 0, 2, 0.000, -19.62163, 5 
data, 0, 2, 0.000, -19.62163, 5 
data, 0, 2, 0.000, -19.62163, 5 
data, 0, 2, 0.000, -19.62163, 5 
data, 0, 2, 0.000, -19.62163, 5 
data, 0, 2, 0.000, -19.62163, 5 
data, 0, 2, 0.000, -19.62163, 5 
data, 0, 2, 0.000, -19.62163, 5 
data, 0, 2, 0.000, -19.62163, 5 
data, 0, 2, 0.000, -19.62163, 5 
data, 0, 2, 0.000, -19.62163, 5 
data, 0, 2, 0.000, -19.62163, 5 
data, 0, 2, 0.000, -19.62163, 5 
data, 0, 2, 0.000, -19.62163, 5 
data, 0, 2, 0.000, -19.62163, 5 
data, 0, 2, 0.000, -19.62163, 5 
data, 0, 2, 0.000, -19.62163, 5 
data, 0, 2, 0.000, -19.62163, 5 
data, 0, 2, 0.000, -19.62163, 5 
data, 0, 2, 0.000, -19.62163, 5 
data, 0, 2, 0.000, -19.62163, 5 
data, 0, 2, 0.000, -19.62163, 5 
data, 0, 2, 0.000, -19.62163, 5 
data, 0, 2, 0.000, -19.62163, 5 
data, 0, 2, 0.000, -19.62163, 5 
data, 0, 2, 0.000, -19.62163, 5 
data, 0, 2, 0.000, -19.62163, 5 
data, 0, 2, 0.000, -19.62163, 5 
data, 0, 2, 0.000, -19.62163, 5 
data, 0, 2, 0.000, -19.62159, 5 
data, 0, 2, 0.000, -19.62159, 5 
data, 0, 2, 0.000, -19.62159, 5 
data, 0, 2, 0.000, -19.62159, 5 
data, 0, 2, 0.000, -19.62159, 5 
data, 0, 2, 0.000, -19.62159, 5 
data, 0, 2, 0.000, -19.62159, 5 
data, 0, 2, 0.000, -19.62159, 5 
data, 0, 2, 0.000, -19.62159, 5 
data, 0, 2, 0.000, -19.62159, 5 
data, 0, 2, 0.000, -19.62159, 5 
data, 0, 2, 0.000, -19.62159, 5 
data, 0, 2, 0.000, -19.62159, 5 
data, 0, 2, 0.000, -19.62159, 5 
data, 0, 2, 0.000, -19.62159, 5 
data, 0, 2, 0.000, -19.62159, 5 
data, 0, 2, 0.000, -19.62159, 5 
data, 0, 2, 0.000, -19.62159, 5 
data, 0, 2, 0.000, -19.62159, 5 
data, 0, 2, 0.000, -19.62159, 6 
data, 0, 2, 0.000, -19.62159, 6 
data, 0, 2, 0.000, -19.62159, 6 
data, 0, 2, 0.000, -19.62159, 6 
data, 0, 2, 0.000, -19.62159, 6 
data, 0, 2, 0.000, -19.62159, 6 
data, 0, 2, 0.000, -19.62159, 6 
data, 0, 2, 0.000, -19.62159, 6 
data, 0, 2, 0.000, -19.62159, 6 
data, 0, 2, 0.000, -19.62159, 6 
data, 0, 2, 0.000, -19.62159, 6 
data, 0, 2, 0.000, -19.62159, 6 
data, 0, 2, 0.000, -19.62159, 6 
data, 0, 2, 0.000, -19.62159, 6 
data, 0, 2, 0.000, -19.62159, 6 
data, 0, 2, 0.000, -19.62157, 6 
data, 0, 2, 0.000, -19.62157, 6 
data, 0, 2, 0.000, -19.62157, 6 
data, 0, 2, 0.000, -19.62157, 6 
data, 0, 2, 0.000, -19.62157, 6 
data, 0, 2, 0.000, -19.62157, 6 
data, 0, 2, 0.000, -19.62157, 6 
data, 0, 2, 0.000, -19.62157, 6 
